idx,skill,tf,df,tfidf,pr
0,사무,159.0,33,308.0579335851023,0.02784084653659718
1,업무,300.0,88,292.55863058804107,0.026440091454124372
2,전산,108.0,18,272.0944251927903,0.024590631531855603
3,보조,100.0,16,263.0618460969394,0.023774308947623928
4,관리,204.0,69,247.92865884715525,0.022406641707479833
5,지원,117.0,41,201.96097584884228,0.018252295824855668
6,경력,83.0,20,200.80267748608156,0.018147614193754925
7,엑셀,57.0,16,149.94525227525546,0.013551356100145639
8,채용,47.0,11,140.00948229616765,0.012653407315021117
9,서류,79.0,41,136.3668127526371,0.012324199744988013
10,문서,47.0,12,136.24747503551146,0.012313414555884599
11,사무보조,58.0,27,123.63438310132356,0.011173501836205501
12,급여,45.0,17,115.80570212082505,0.010465981977114371
13,자격,46.0,20,111.2882308959006,0.010057713890514774
14,접수,38.0,25,83.81794014615686,0.007575076484690449
15,정리,43.0,33,83.31126505760629,0.007529285541343892
16,작성,65.0,66,81.84404706625185,0.00739668518771025
17,근무시간,39.0,28,81.7649030265263,0.007389532516656977
18,계약,33.0,19,81.44728453856344,0.007360827631580166
19,전화,36.0,24,80.81841528566673,0.0073039933466853574
20,차량,28.0,13,79.09368531148985,0.007148120254993459
21,협의,25.0,10,76.64841330568099,0.006927127918059683
22,응대,39.0,37,71.22358016666975,0.006436856672154128
23,경험,31.0,24,69.59363538487968,0.00628954982631239
24,발주,27.0,18,68.02360629819758,0.006147657882963901
25,기타,28.0,20,67.74066228446124,0.006122086715965515
26,모집,38.0,42,64.7000041946178,0.005847286147564613
27,등록,20.0,9,63.22493424063129,0.005713976169984246
28,자료 입력,15.0,4,57.81590838887264,0.00522513351334902
29,C,39.0,53,57.519062579992095,0.005198305966614885
30,컴퓨터,30.0,36,55.58741677144157,0.0050237327819770035
31,사무실,16.0,7,54.15024421353239,0.0048938477951964085
32,출고,33.0,47,52.55681620588473,0.004749841165950553
33,계산,16.0,8,52.26571564303025,0.004723532847892223
34,전산입력,15.0,7,50.76585395018662,0.004587982307996633
35,프로그램,20.0,19,49.361990629432384,0.004461107655503131
36,자재,30.0,47,47.77892382353157,0.004318037423591411
37,감리,13.0,6,45.73298152761386,0.004133134652802544
38,현장,38.0,70,45.6437732634032,0.004125072423841967
39,입찰,12.0,5,44.06486802957066,0.003982378295502571
40,운전,17.0,17,43.74882080120057,0.00395381541357654
41,경력자,22.0,32,43.281133358300856,0.003911547992727054
42,회계,16.0,15,43.05988932457326,0.003891552983611517
43,인원,14.0,10,42.92311145118135,0.0038791916341134216
44,인근거주자,11.0,4,42.3983328185066,0.0038317645764559477
45,워드,12.0,6,42.21505987164356,0.003815201217971579
46,문서작성,24.0,40,42.00623371971125,0.0037963284793892126
47,영업,16.0,17,41.17536075407113,0.003721238036307332
48,검수,12.0,7,40.61268316014929,0.0036703858463973064
49,견적,12.0,7,40.61268316014929,0.0036703858463973064
50,선정,9.0,2,39.2869756472175,0.0035505745531434303
51,4대보험,17.0,23,38.85822556952029,0.0035118261106774143
52,상담,12.0,9,37.934960544378775,0.0034283857019905477
53,사무업무,19.0,32,37.37916062762346,0.00337815508462791
54,환경,11.0,7,37.22829289680352,0.003364520359197531
55,정규직,22.0,44,36.45772493561638,0.003294880002580963
56,학력,14.0,17,36.02844065981224,0.003256083281768916
57,상품,15.0,21,35.59184027500941,0.003216625364974973
58,행정,10.0,6,35.179216559702965,0.003179334348309649
59,전산관리,9.0,4,34.68954503332358,0.003135080108009412
60,홈페이지,9.0,4,34.68954503332358,0.003135080108009412
61,택배,17.0,30,34.507358209187885,0.003118614908257136
62,매입,17.0,30,34.507358209187885,0.003118614908257136
63,생산,13.0,16,34.19803999260212,0.00309066016319111
64,임금,12.0,13,33.89729370492422,0.0030634801092829108
65,정산,10.0,7,33.843902633457745,0.0030586548719977557
66,입출고,11.0,10,33.725301854499634,0.00304793628394626
67,제품,11.0,10,33.725301854499634,0.00304793628394626
68,보조 업무,9.0,5,33.04865102217799,0.002986783721626928
69,사무 보조,11.0,11,32.768176707613705,0.0029614357545794103
70,통신,10.0,8,32.66607227689391,0.0029522080299326397
71,재고,17.0,34,32.44422364011534,0.0029321583795989337
72,평가,12.0,15,32.29491699342995,0.0029186647377086377
73,ERP,10.0,9,31.61246712031565,0.002856988084992123
74,교육,11.0,13,31.07251922951387,0.0028081901001760015
75,전산 입력,12.0,17,30.881520565553345,0.0027909285272304987
76,제작,11.0,14,30.3135976431574,0.002739602288873215
77,보조업무,10.0,11,29.789251552376097,0.0026922143223449186
78,세금계산서,9.0,8,29.399465049204515,0.0026569872269393757
79,운전가능,9.0,8,29.399465049204515,0.0026569872269393757
80,업무 보조,8.0,5,29.37657868638044,0.0026549188636683808
81,입고,13.0,25,28.674558471053665,0.002591473534236207
82,연구,6.0,2,26.191317098145003,0.0023670497020956203
83,도매,6.0,2,26.191317098145003,0.0023670497020956203
84,초보,8.0,8,26.132857821515124,0.0023617664239461117
85,고객응대,8.0,8,26.132857821515124,0.0023617664239461117
86,컴퓨터 활용,15.0,41,25.892432801133623,0.002340037926263547
87,포장,10.0,17,25.734600471294456,0.0023257737726920824
88,OA,7.0,5,25.70450635058289,0.002323054005709834
89,건설,12.0,27,25.579527538204875,0.0023117590005942417
90,판매,9.0,13,25.422970278693164,0.002297610081962183
91,유통,8.0,9,25.28997369625252,0.0022855904679936986
92,마감,11.0,23,25.143557721454307,0.0022723580716147974
93,계획,10.0,19,24.680995314716192,0.0022305538277515653
94,발송,7.0,7,23.69073184342042,0.0021410584103984287
95,보안,7.0,8,22.866250593825733,0.0020665456209528477
96,전화응대,13.0,41,22.440108427649143,0.0020280328694284077
97,전산업무,11.0,30,22.328290605945103,0.002017927293578147
98,구매,7.0,9,22.128726984220958,0.0019998916594944865
99,운전가능자,8.0,14,22.0462528313872,0.001992438028271429
100,B2B,4.0,0,21.85532722010244,0.0019751830574877708
101,용역,6.0,6,21.10752993582178,0.0019076006089857895
102,전시,6.0,6,21.10752993582178,0.0019076006089857895
103,전자,6.0,6,21.10752993582178,0.0019076006089857895
104,성실,8.0,16,21.04494768775515,0.0019019447158099142
105,안전,15.0,58,20.79441541679836,0.001879302771721672
106,운영,15.0,58,20.79441541679836,0.001879302771721672
107,견적서,5.0,3,20.3876872195286,0.0018425445646191568
108,이메일,11.0,36,20.38205281619524,0.0018420353533915679
109,제출,19.0,81,20.085138597465782,0.0018152016240927348
110,안내,7.0,14,19.2904712274638,0.0017433832747375004
111,인사,7.0,14,19.2904712274638,0.0017433832747375004
112,자격증,12.0,47,19.11156952941263,0.0017272149694365648
113,엑셀작업,4.0,1,19.08273849786266,0.0017246093545915482
114,거래처,16.0,71,18.99465097615288,0.0017166484131375483
115,총무,11.0,41,18.987784054164656,0.0017160278125932676
116,세금계산서 발행,6.0,9,18.967480272189388,0.0017141928509952738
117,쇼핑몰,6.0,9,18.967480272189388,0.0017141928509952738
118,송장,7.0,15,18.838701579500803,0.0017025544303300388
119,운송,6.0,10,18.39561919336344,0.001662510700334324
120,서류작성,6.0,10,18.39561919336344,0.001662510700334324
121,영업지원,5.0,5,18.360361678987772,0.0016593242897927378
122,자가,5.0,5,18.360361678987772,0.0016593242897927378
123,대응,5.0,5,18.360361678987772,0.0016593242897927378
124,사무직,12.0,51,18.151057037330197,0.0016404083075293684
125,면허,8.0,25,17.645882136033023,0.0015947529441453579
126,경력 무관,5.0,6,17.589608279851483,0.0015896671741548246
127,기록,5.0,6,17.589608279851483,0.0015896671741548246
128,행정업무,5.0,6,17.589608279851483,0.0015896671741548246
129,모니터링,4.0,2,17.460878065430002,0.0015780331347304134
130,결산,6.0,12,17.39329468538444,0.001571925262453353
131,운전면허,6.0,12,17.39329468538444,0.001571925262453353
132,사무 업무,8.0,26,17.343959512170247,0.0015674665784313965
133,협력,9.0,34,17.176353691825767,0.0015523191421406117
134,컴퓨터 활용능력,6.0,13,16.94864685246211,0.0015317400546414554
135,서류정리,7.0,20,16.93516557111531,0.0015305216789913787
136,시공,5.0,7,16.921951316728872,0.0015293274359988779
137,경력자 우대,9.0,37,16.43621080769302,0.0014854284628047988
138,전산 입력 업무,3.0,0,16.391495415076832,0.0014813872931158285
139,DB,3.0,0,16.391495415076832,0.0014813872931158285
140,퇴직연금,5.0,8,16.333036138446953,0.0014761040149663199
141,납품,7.0,22,16.298363123675223,0.001472970428786647
142,한글,8.0,30,16.23875680432371,0.0014675834862386522
143,매출,15.0,79,16.227077555275926,0.0014665279699056758
144,재고관리,6.0,15,16.147458496714975,0.0014593323688543189
145,계산서 발행,7.0,23,16.00044582274365,0.0014460460455730528
146,인근 거주자,8.0,31,15.984767217807068,0.0014446290860133124
147,주문,5.0,9,15.806233560157825,0.0014284940424960616
148,검토,8.0,33,15.49977024327559,0.0014007973100174684
149,세무,6.0,17,15.440760282776672,0.0013954642636152493
150,품질,6.0,17,15.440760282776672,0.0013954642636152493
151,전산 업무,4.0,4,15.417575570366038,0.001393368936893072
152,전화 응대,4.0,4,15.417575570366038,0.001393368936893072
153,업무지원,4.0,4,15.417575570366038,0.001393368936893072
154,거래명세서,4.0,4,15.417575570366038,0.001393368936893072
155,전표입력,5.0,10,15.329682661136196,0.0013854255836119364
156,검사,5.0,10,15.329682661136196,0.0013854255836119364
157,경영,6.0,18,15.11635695515502,0.0013661461962142004
158,협의 가능,9.0,44,14.914523837297612,0.001347905455601303
159,인터넷,5.0,11,14.894625776188049,0.0013461071611724593
160,자재관리,5.0,11,14.894625776188049,0.0013461071611724593
161,물류,6.0,19,14.808597188829715,0.0013383322966509393
162,MES,4.0,5,14.68828934319022,0.0013274594318341904
163,일반 사무업무,4.0,5,14.68828934319022,0.0013274594318341904
164,지시,4.0,5,14.68828934319022,0.0013274594318341904
165,관련 업무,9.0,46,14.523157829839963,0.0013125356119278594
166,감사,5.0,12,14.494412237820368,0.0013099377187111277
167,행사,5.0,12,14.494412237820368,0.0013099377187111277
168,컴퓨터 활용 능력,3.0,1,14.312053873396994,0.0012934570159436611
169,사업관리,3.0,1,14.312053873396994,0.0012934570159436611
170,관제,3.0,1,14.312053873396994,0.0012934570159436611
171,일반 사무,6.0,21,14.236736110003765,0.0012866501459899893
172,서비스,8.0,39,14.19961880729339,0.0012832956564088065
173,자재 출고,4.0,6,14.071686623881186,0.0012717337393238597
174,컴퓨터활용,4.0,6,14.071686623881186,0.0012717337393238597
175,문서 작성,4.0,6,14.071686623881186,0.0012717337393238597
176,참여,4.0,6,14.071686623881186,0.0012717337393238597
177,직원,30.0,147,13.99858593784485,0.0012651272385336588
178,보험,29.0,146,13.72857732915934,0.0012407251134187842
179,문서 관리,4.0,7,13.537561053383095,0.001223461948799102
180,CAD,4.0,7,13.537561053383095,0.001223461948799102
181,건설현장,4.0,7,13.537561053383095,0.001223461948799102
182,법인,5.0,15,13.456215413929144,0.001216110307378599
183,온라인,7.0,34,13.359386204753374,0.0012073593327760314
184,경리,6.0,25,13.234411602024768,0.0011960647081090184
185,전산등록,3.0,2,13.0956585490725,0.00118352485104781
186,전화 상담,3.0,2,13.0956585490725,0.00118352485104781
187,비용,3.0,2,13.0956585490725,0.00118352485104781
188,컴퓨터 활용능력 우수자,3.0,2,13.0956585490725,0.00118352485104781
189,신고,5.0,17,12.867300235647228,0.0011628868863460412
190,택배포장,4.0,9,12.644986848126258,0.0011427952339968493
191,친절,4.0,9,12.644986848126258,0.0011427952339968493
192,고객 응대,4.0,9,12.644986848126258,0.0011427952339968493
193,설치,4.0,9,12.644986848126258,0.0011427952339968493
194,업무 관리,4.0,9,12.644986848126258,0.0011427952339968493
195,재고 관리,4.0,9,12.644986848126258,0.0011427952339968493
196,폐기물,5.0,19,12.340497657358096,0.0011152769138757827
197,출고 관리,4.0,10,12.263746128908958,0.0011083404668895491
198,제안서 작성,3.0,3,12.23261233171716,0.001105526738771494
199,컴퓨터활용능력,3.0,3,12.23261233171716,0.001105526738771494
200,시설,7.0,42,11.918421825324334,0.0010771316587619023
201,비품,6.0,33,11.624827682456692,0.0010505979825131012
202,고객 상담,4.0,12,11.595529790256291,0.0010479501749689017
203,수행,4.0,12,11.595529790256291,0.0010479501749689017
204,농업,3.0,4,11.563181677774528,0.001045026702669804
205,수출,3.0,4,11.563181677774528,0.001045026702669804
206,문서관리,3.0,4,11.563181677774528,0.001045026702669804
207,엑셀 활용,3.0,4,11.563181677774528,0.001045026702669804
208,조정,5.0,23,11.428889873388322,0.0010328900325521806
209,이카운트,4.0,13,11.299097901641408,0.001021160036427637
210,포토샵,3.0,5,11.016217007392664,0.0009955945738756428
211,CE,3.0,5,11.016217007392664,0.0009955945738756428
212,견적서 작성,3.0,5,11.016217007392664,0.0009955945738756428
213,지원업무,3.0,5,11.016217007392664,0.0009955945738756428
214,자재 입,3.0,5,11.016217007392664,0.0009955945738756428
215,IT,3.0,5,11.016217007392664,0.0009955945738756428
216,엑셀가능자,3.0,5,11.016217007392664,0.0009955945738756428
217,대리점,3.0,5,11.016217007392664,0.0009955945738756428
218,관리업무,8.0,59,10.955897942428075,0.0009901432166865372
219,키오스크,2.0,0,10.92766361005122,0.0009875915287438854
220,중국어,2.0,0,10.92766361005122,0.0009875915287438854
221,보안 관리하기,2.0,0,10.92766361005122,0.0009875915287438854
222,엑셀 입력,2.0,0,10.92766361005122,0.0009875915287438854
223,운전면허 1종,2.0,0,10.92766361005122,0.0009875915287438854
224,경험 보유자,2.0,0,10.92766361005122,0.0009875915287438854
225,인증,5.0,26,10.839974695106404,0.0009796666115196228
226,업무보조,4.0,15,10.764972331143316,0.0009728882459028792
227,출고관리,4.0,15,10.764972331143316,0.0009728882459028792
228,유지,5.0,27,10.658136474252032,0.0009632329169142674
229,사회복지사,3.0,6,10.55376496791089,0.0009538003044928947
230,비서,3.0,6,10.55376496791089,0.0009538003044928947
231,토목,3.0,6,10.55376496791089,0.0009538003044928947
232,수불,3.0,6,10.55376496791089,0.0009538003044928947
233,파워포인트,3.0,6,10.55376496791089,0.0009538003044928947
234,출장,3.0,6,10.55376496791089,0.0009538003044928947
235,설계,3.0,6,10.55376496791089,0.0009538003044928947
236,캐드,3.0,6,10.55376496791089,0.0009538003044928947
237,공정,4.0,17,10.293840188517782,0.000930309509076833
238,피드백,3.0,7,10.153170790037322,0.0009175964615993266
239,자료입력,3.0,7,10.153170790037322,0.0009175964615993266
240,선박,3.0,7,10.153170790037322,0.0009175964615993266
241,보고,3.0,7,10.153170790037322,0.0009175964615993266
242,사무관리,3.0,7,10.153170790037322,0.0009175964615993266
243,사무원,6.0,43,10.077853026644092,0.0009107895916456548
244,수정,4.0,18,10.07757130343668,0.0009107641308094669
245,자동차,5.0,31,9.990479511129418,0.0009028931787583203
246,출하,5.0,32,9.83662121779565,0.0008889881801652396
247,문서정리,3.0,8,9.79982168306817,0.0008856624089797918
248,제안,3.0,8,9.79982168306817,0.0008856624089797918
249,건강보험,3.0,8,9.79982168306817,0.0008856624089797918
250,일반사무,3.0,8,9.79982168306817,0.0008856624089797918
251,진행,8.0,69,9.72269250381001,0.0008786918316658757
252,CS,5.0,34,9.54241871768098,0.0008623995234114508
253,취업규칙,2.0,1,9.54136924893133,0.0008623046772957741
254,강의,2.0,1,9.54136924893133,0.0008623046772957741
255,시설물 설치,2.0,1,9.54136924893133,0.0008623046772957741
256,특판,2.0,1,9.54136924893133,0.0008623046772957741
257,프로그램 활용,2.0,1,9.54136924893133,0.0008623046772957741
258,실행,2.0,1,9.54136924893133,0.0008623046772957741
259,PPT,2.0,1,9.54136924893133,0.0008623046772957741
260,기성,2.0,1,9.54136924893133,0.0008623046772957741
261,보고서,3.0,9,9.483740136094694,0.0008570964254976369
262,경력직,5.0,36,9.264569461906929,0.0008372887969961672
263,측정,3.0,10,9.19780959668172,0.000831255350167162
264,장부,3.0,10,9.19780959668172,0.000831255350167162
265,매출관리,3.0,10,9.19780959668172,0.000831255350167162
266,가공,3.0,10,9.19780959668172,0.000831255350167162
267,부품,3.0,10,9.19780959668172,0.000831255350167162
268,해당직무 근무경험,3.0,11,8.936775465712829,0.0008076642967034756
269,서류관리,3.0,11,8.936775465712829,0.0008076642967034756
270,별도,8.0,78,8.755071620468708,0.000791242746342223
271,차량소유,2.0,2,8.730439032715001,0.0007890165673652067
272,이미지,2.0,2,8.730439032715001,0.0007890165673652067
273,회의,2.0,2,8.730439032715001,0.0007890165673652067
274,공학,2.0,2,8.730439032715001,0.0007890165673652067
275,정산 업무,2.0,2,8.730439032715001,0.0007890165673652067
276,오피스,2.0,2,8.730439032715001,0.0007890165673652067
277,운용,2.0,2,8.730439032715001,0.0007890165673652067
278,관련업무,3.0,12,8.69664734269222,0.0007859626312266765
279,청구,3.0,14,8.2673448117702,0.000747164260601786
280,사회복지,4.0,29,8.250537693453818,0.0007456453112394915
281,기업,9.0,94,8.189594220825624,0.0007401375229832279
282,매매,2.0,3,8.15507488781144,0.0007370178258476626
283,수불 관리,2.0,3,8.15507488781144,0.0007370178258476626
284,상품 등록,2.0,3,8.15507488781144,0.0007370178258476626
285,상세페이지 제작,2.0,3,8.15507488781144,0.0007370178258476626
286,반출,2.0,3,8.15507488781144,0.0007370178258476626
287,건조,2.0,3,8.15507488781144,0.0007370178258476626
288,POS,2.0,3,8.15507488781144,0.0007370178258476626
289,데이터 관리,2.0,3,8.15507488781144,0.0007370178258476626
290,전산프로그램,2.0,3,8.15507488781144,0.0007370178258476626
291,비품관리,2.0,3,8.15507488781144,0.0007370178258476626
292,사무지원,2.0,3,8.15507488781144,0.0007370178258476626
293,기능,3.0,16,7.891855382908181,0.0007132292684287177
294,제조,7.0,77,7.749860848352128,0.0007003964613018124
295,위하고,2.0,4,7.708787785183019,0.000696684468446536
296,인바운드,2.0,4,7.708787785183019,0.000696684468446536
297,4대보험 신고,2.0,4,7.708787785183019,0.000696684468446536
298,편집,2.0,4,7.708787785183019,0.000696684468446536
299,수리,2.0,4,7.708787785183019,0.000696684468446536
300,소통,2.0,4,7.708787785183019,0.000696684468446536
301,거래처 응대,2.0,4,7.708787785183019,0.000696684468446536
302,경영지원,4.0,34,7.633934974144785,0.0006899196187291608
303,2급,3.0,18,7.55817847757751,0.0006830730981071002
304,책임감,4.0,36,7.411655569525542,0.0006698310375969337
305,입출고 관리,3.0,19,7.404298594414858,0.0006691661483254696
306,생산지시,2.0,5,7.34414467159511,0.0006637297159170952
307,BI,2.0,5,7.34414467159511,0.0006637297159170952
308,구미,2.0,5,7.34414467159511,0.0006637297159170952
309,초보가능,2.0,5,7.34414467159511,0.0006637297159170952
310,엑셀 작업,2.0,5,7.34414467159511,0.0006637297159170952
311,원료,2.0,5,7.34414467159511,0.0006637297159170952
312,NAVER,2.0,5,7.34414467159511,0.0006637297159170952
313,근태,2.0,5,7.34414467159511,0.0006637297159170952
314,매입매출,3.0,20,7.257928101906561,0.0006559378624248766
315,밴드,2.0,6,7.035843311940593,0.0006358668696619298
316,주차,2.0,6,7.035843311940593,0.0006358668696619298
317,심사,2.0,6,7.035843311940593,0.0006358668696619298
318,월급,5.0,57,7.0169439723959535,0.0006341588350536928
319,창고,4.0,40,7.001038953285209,0.0006327214132315356
320,가구,3.0,23,6.857333924032993,0.0006197340195313084
321,설비,3.0,23,6.857333924032993,0.0006197340195313084
322,수금,2.0,7,6.768780526691549,0.0006117309743995511
323,식품,2.0,7,6.768780526691549,0.0006117309743995511
324,금형,2.0,8,6.533214455378781,0.0005904416059865279
325,은행,2.0,8,6.533214455378781,0.0005904416059865279
326,자재 발주,2.0,8,6.533214455378781,0.0005904416059865279
327,업체 관리,3.0,26,6.503984817063843,0.0005877999669117738
328,원가,3.0,26,6.503984817063843,0.0005877999669117738
329,고객 관리,2.0,9,6.322493424063129,0.0005713976169984246
330,문서작성 우수자,2.0,9,6.322493424063129,0.0005713976169984246
331,차량 소지자,2.0,9,6.322493424063129,0.0005713976169984246
332,실무,2.0,9,6.322493424063129,0.0005713976169984246
333,배차,2.0,9,6.322493424063129,0.0005713976169984246
334,프로그램 사용,2.0,9,6.322493424063129,0.0005713976169984246
335,개인,2.0,10,6.131873064454479,0.0005541702334447746
336,운전 가능자,2.0,10,6.131873064454479,0.0005541702334447746
337,운전 가능,2.0,10,6.131873064454479,0.0005541702334447746
338,수입,2.0,10,6.131873064454479,0.0005541702334447746
339,영업관리,3.0,30,6.089533801621391,0.0005503438073394945
340,4대보험 가입,3.0,31,5.9942877066776505,0.0005417359072549922
341,일정 관리,2.0,11,5.957850310475219,0.0005384428644689838
342,경리 업무,2.0,11,5.957850310475219,0.0005384428644689838
343,블로그,2.0,11,5.957850310475219,0.0005384428644689838
344,서류 작성,2.0,11,5.957850310475219,0.0005384428644689838
345,더존,2.0,11,5.957850310475219,0.0005384428644689838
346,기타업무,2.0,11,5.957850310475219,0.0005384428644689838
347,도면,3.0,32,5.9019727306773895,0.0005333929080991437
348,관리 업무,6.0,88,5.851172611760822,0.0005288018290824874
349,점검,3.0,33,5.812413841228346,0.0005252989912565506
350,운전면허 1종 보통,2.0,12,5.797764895128147,0.000523975087484451
351,연구소,2.0,12,5.797764895128147,0.000523975087484451
352,커뮤니케이션,2.0,12,5.797764895128147,0.000523975087484451
353,입고관리,2.0,13,5.649548950820703,0.0005105800182138184
354,회계관리,2.0,13,5.649548950820703,0.0005105800182138184
355,4대보험 관리,2.0,13,5.649548950820703,0.0005105800182138184
356,서류 업무,2.0,13,5.649548950820703,0.0005105800182138184
357,기술,2.0,13,5.649548950820703,0.0005105800182138184
358,유경험자,4.0,57,5.613555177916763,0.0005073270680429542
359,원천세,2.0,14,5.5115632078468,0.0004981095070678573
360,직원채용,2.0,14,5.5115632078468,0.0004981095070678573
361,차량소지자,3.0,37,5.478736935897673,0.0004951428209349329
362,정보 기기 관리하기,1.0,0,5.4638318050256105,0.0004937957643719428
363,임금계산,1.0,0,5.4638318050256105,0.0004937957643719428
364,롱텀,1.0,0,5.4638318050256105,0.0004937957643719428
365,INVOICE,1.0,0,5.4638318050256105,0.0004937957643719428
366,은행 업무,1.0,0,5.4638318050256105,0.0004937957643719428
367,사회복지사 2급 보유자,1.0,0,5.4638318050256105,0.0004937957643719428
368,주차관리,1.0,0,5.4638318050256105,0.0004937957643719428
369,전산시스템,1.0,0,5.4638318050256105,0.0004937957643719428
370,영어 활용 능력,1.0,0,5.4638318050256105,0.0004937957643719428
371,석사학위 수여자,1.0,0,5.4638318050256105,0.0004937957643719428
372,정보 검색하기,1.0,0,5.4638318050256105,0.0004937957643719428
373,대학행정,1.0,0,5.4638318050256105,0.0004937957643719428
374,관련학과 전공자,1.0,0,5.4638318050256105,0.0004937957643719428
375,실적 분석,1.0,0,5.4638318050256105,0.0004937957643719428
376,PPT능력 우수자,1.0,0,5.4638318050256105,0.0004937957643719428
377,훈련생 관리,1.0,0,5.4638318050256105,0.0004937957643719428
378,제 증명 관리하기,1.0,0,5.4638318050256105,0.0004937957643719428
379,제품 발주,1.0,0,5.4638318050256105,0.0004937957643719428
380,훈련생,1.0,0,5.4638318050256105,0.0004937957643719428
381,성과관리,1.0,0,5.4638318050256105,0.0004937957643719428
382,리서치,1.0,0,5.4638318050256105,0.0004937957643719428
383,행사 사후관리하기,1.0,0,5.4638318050256105,0.0004937957643719428
384,박사학위 수여자,1.0,0,5.4638318050256105,0.0004937957643719428
385,착공계,1.0,0,5.4638318050256105,0.0004937957643719428
386,행사 운영,1.0,0,5.4638318050256105,0.0004937957643719428
387,조경수,1.0,0,5.4638318050256105,0.0004937957643719428
388,주문관리,1.0,0,5.4638318050256105,0.0004937957643719428
389,ERP 입력,1.0,0,5.4638318050256105,0.0004937957643719428
390,서버,1.0,0,5.4638318050256105,0.0004937957643719428
391,이수자,1.0,0,5.4638318050256105,0.0004937957643719428
392,케어포,1.0,0,5.4638318050256105,0.0004937957643719428
393,감독,1.0,0,5.4638318050256105,0.0004937957643719428
394,영업팀 지원,1.0,0,5.4638318050256105,0.0004937957643719428
395,관련전공자,1.0,0,5.4638318050256105,0.0004937957643719428
396,장부 관리,1.0,0,5.4638318050256105,0.0004937957643719428
397,시내,1.0,0,5.4638318050256105,0.0004937957643719428
398,정보 보안 유지하기,1.0,0,5.4638318050256105,0.0004937957643719428
399,구매 발주,1.0,0,5.4638318050256105,0.0004937957643719428
400,고객 전화응대,1.0,0,5.4638318050256105,0.0004937957643719428
401,AE,1.0,0,5.4638318050256105,0.0004937957643719428
402,W4C,1.0,0,5.4638318050256105,0.0004937957643719428
403,공간,1.0,0,5.4638318050256105,0.0004937957643719428
404,사회복지사 2급,1.0,0,5.4638318050256105,0.0004937957643719428
405,직업상담사 2급 자격증,1.0,0,5.4638318050256105,0.0004937957643719428
406,장애인복지,1.0,0,5.4638318050256105,0.0004937957643719428
407,정보 검색,1.0,0,5.4638318050256105,0.0004937957643719428
408,직업상담,1.0,0,5.4638318050256105,0.0004937957643719428
409,정보 기기 관리,1.0,0,5.4638318050256105,0.0004937957643719428
410,대장 관리,1.0,0,5.4638318050256105,0.0004937957643719428
411,공연,1.0,0,5.4638318050256105,0.0004937957643719428
412,정보 보안 유지,1.0,0,5.4638318050256105,0.0004937957643719428
413,상담사,1.0,0,5.4638318050256105,0.0004937957643719428
414,일별,1.0,0,5.4638318050256105,0.0004937957643719428
415,차량배차,1.0,0,5.4638318050256105,0.0004937957643719428
416,적기공급 평가 개선하기,1.0,0,5.4638318050256105,0.0004937957643719428
417,근무 환경,1.0,0,5.4638318050256105,0.0004937957643719428
418,미수금 관리,1.0,0,5.4638318050256105,0.0004937957643719428
419,요양보호사,1.0,0,5.4638318050256105,0.0004937957643719428
420,자동차 운전,1.0,0,5.4638318050256105,0.0004937957643719428
421,UI,1.0,0,5.4638318050256105,0.0004937957643719428
422,출장관리,1.0,0,5.4638318050256105,0.0004937957643719428
423,자재품질 기준 파악하기,1.0,0,5.4638318050256105,0.0004937957643719428
424,발표,1.0,0,5.4638318050256105,0.0004937957643719428
425,오더 관리,1.0,0,5.4638318050256105,0.0004937957643719428
426,동종업계 경력,1.0,0,5.4638318050256105,0.0004937957643719428
427,서버 관리,1.0,0,5.4638318050256105,0.0004937957643719428
428,부자재 발주,1.0,0,5.4638318050256105,0.0004937957643719428
429,환경 분석하기,1.0,0,5.4638318050256105,0.0004937957643719428
430,행정 관련 업무,1.0,0,5.4638318050256105,0.0004937957643719428
431,예약,2.0,15,5.382486165571658,0.0004864441229514396
432,홍보,2.0,15,5.382486165571658,0.0004864441229514396
433,결제,2.0,16,5.261236921938788,0.00047548617895247855
434,프로그램 운영,2.0,17,5.146920094258891,0.0004651547545384165
435,개발,3.0,42,5.107895067996143,0.000461627853755101
436,분석,3.0,43,5.038926513322046,0.0004553947958228274
437,회계업무,2.0,18,5.03878565171834,0.00045538206540473344
438,중식 제공,2.0,19,4.936199062943238,0.0004461107655503131
439,운송계획 수립하기,1.0,1,4.770684624465665,0.00043115233864788704
440,내부감사,1.0,1,4.770684624465665,0.00043115233864788704
441,거래처원장,1.0,1,4.770684624465665,0.00043115233864788704
442,거래서,1.0,1,4.770684624465665,0.00043115233864788704
443,행사계획 수립하기,1.0,1,4.770684624465665,0.00043115233864788704
444,자재 수불 관리,1.0,1,4.770684624465665,0.00043115233864788704
445,사내 전산,1.0,1,4.770684624465665,0.00043115233864788704
446,이카운트 ERP 전산입력,1.0,1,4.770684624465665,0.00043115233864788704
447,출장관리하기,1.0,1,4.770684624465665,0.00043115233864788704
448,인장 관리하기,1.0,1,4.770684624465665,0.00043115233864788704
449,페이스북,1.0,1,4.770684624465665,0.00043115233864788704
450,문서작성 능력,1.0,1,4.770684624465665,0.00043115233864788704
451,전표 처리하기,1.0,1,4.770684624465665,0.00043115233864788704
452,분류 작업,1.0,1,4.770684624465665,0.00043115233864788704
453,운영 관리,1.0,1,4.770684624465665,0.00043115233864788704
454,사무 공간 배치하기,1.0,1,4.770684624465665,0.00043115233864788704
455,CAM,1.0,1,4.770684624465665,0.00043115233864788704
456,송장입력,1.0,1,4.770684624465665,0.00043115233864788704
457,소방설비,1.0,1,4.770684624465665,0.00043115233864788704
458,객실관리,1.0,1,4.770684624465665,0.00043115233864788704
459,회계보조,1.0,1,4.770684624465665,0.00043115233864788704
460,운영관리,1.0,1,4.770684624465665,0.00043115233864788704
461,시스템 설계,1.0,1,4.770684624465665,0.00043115233864788704
462,장부마감하기,1.0,1,4.770684624465665,0.00043115233864788704
463,답변,1.0,1,4.770684624465665,0.00043115233864788704
464,시공사,1.0,1,4.770684624465665,0.00043115233864788704
465,지출결의서 작성,1.0,1,4.770684624465665,0.00043115233864788704
466,입출금 관리,1.0,1,4.770684624465665,0.00043115233864788704
467,사업계획,1.0,1,4.770684624465665,0.00043115233864788704
468,자재 입고 부적합품 처리하기,1.0,1,4.770684624465665,0.00043115233864788704
469,적산,1.0,1,4.770684624465665,0.00043115233864788704
470,결산처리,1.0,1,4.770684624465665,0.00043115233864788704
471,CD,1.0,1,4.770684624465665,0.00043115233864788704
472,환경 관리,1.0,1,4.770684624465665,0.00043115233864788704
473,전표 처리,1.0,1,4.770684624465665,0.00043115233864788704
474,아웃바운드,1.0,1,4.770684624465665,0.00043115233864788704
475,증빙서류 관리하기,1.0,1,4.770684624465665,0.00043115233864788704
476,상품등록,1.0,1,4.770684624465665,0.00043115233864788704
477,자재 출고 계획 수립하기,1.0,1,4.770684624465665,0.00043115233864788704
478,객실,1.0,1,4.770684624465665,0.00043115233864788704
479,번역,1.0,1,4.770684624465665,0.00043115233864788704
480,노인복지,1.0,1,4.770684624465665,0.00043115233864788704
481,운전면허증,1.0,1,4.770684624465665,0.00043115233864788704
482,카페,1.0,1,4.770684624465665,0.00043115233864788704
483,보수,1.0,1,4.770684624465665,0.00043115233864788704
484,솔루션,2.0,22,4.656675178192921,0.00042084869393904195
485,전기,3.0,49,4.655426398792391,0.0004207358350516126
486,자재발주,2.0,23,4.571555949355329,0.0004131560130208723
487,EXCEL,2.0,25,4.411470534008256,0.00039868823603633947
488,현장지원,1.0,2,4.3652195163575005,0.00039450828368260335
489,자재 입고 검사하기,1.0,2,4.3652195163575005,0.00039450828368260335
490,연구과제,1.0,2,4.3652195163575005,0.00039450828368260335
491,직업상담사 2급,1.0,2,4.3652195163575005,0.00039450828368260335
492,공정재고 기준 확인하기,1.0,2,4.3652195163575005,0.00039450828368260335
493,물량산출,1.0,2,4.3652195163575005,0.00039450828368260335
494,제품 입출고 관리,1.0,2,4.3652195163575005,0.00039450828368260335
495,보일러,1.0,2,4.3652195163575005,0.00039450828368260335
496,운전면허증 소지,1.0,2,4.3652195163575005,0.00039450828368260335
497,쇼핑몰관리,1.0,2,4.3652195163575005,0.00039450828368260335
498,사무 보조 업무,1.0,2,4.3652195163575005,0.00039450828368260335
499,차량 운전 가능,1.0,2,4.3652195163575005,0.00039450828368260335
500,컴퓨터활용가능자,1.0,2,4.3652195163575005,0.00039450828368260335
501,차량 운행,1.0,2,4.3652195163575005,0.00039450828368260335
502,인사관리,1.0,2,4.3652195163575005,0.00039450828368260335
503,손님 응대,1.0,2,4.3652195163575005,0.00039450828368260335
504,자재운반 설비 관리하기,1.0,2,4.3652195163575005,0.00039450828368260335
505,공시,1.0,2,4.3652195163575005,0.00039450828368260335
506,학사,1.0,2,4.3652195163575005,0.00039450828368260335
507,서무 업무,1.0,2,4.3652195163575005,0.00039450828368260335
508,유지보수,1.0,2,4.3652195163575005,0.00039450828368260335
509,산업기사 자격,1.0,2,4.3652195163575005,0.00039450828368260335
510,급여계산,1.0,2,4.3652195163575005,0.00039450828368260335
511,엑셀 고급능력,1.0,2,4.3652195163575005,0.00039450828368260335
512,대출,1.0,2,4.3652195163575005,0.00039450828368260335
513,통화,1.0,2,4.3652195163575005,0.00039450828368260335
514,업무처리,1.0,2,4.3652195163575005,0.00039450828368260335
515,종합소득세,1.0,2,4.3652195163575005,0.00039450828368260335
516,매입마감,1.0,2,4.3652195163575005,0.00039450828368260335
517,증원,1.0,2,4.3652195163575005,0.00039450828368260335
518,동종업계 경력자,1.0,2,4.3652195163575005,0.00039450828368260335
519,거래처 영업,1.0,2,4.3652195163575005,0.00039450828368260335
520,세금계산서발행,1.0,2,4.3652195163575005,0.00039450828368260335
521,송장 출력,1.0,2,4.3652195163575005,0.00039450828368260335
522,거래처 납품,1.0,2,4.3652195163575005,0.00039450828368260335
523,소매,1.0,2,4.3652195163575005,0.00039450828368260335
524,하차,1.0,2,4.3652195163575005,0.00039450828368260335
525,업무 지원,3.0,55,4.315440342871383,0.00039000947297639316
526,유튜브,2.0,28,4.193071950078272,0.00037895038546958856
527,행사 운영하기,1.0,3,4.07753744390572,0.0003685089129238313
528,기업관리,1.0,3,4.07753744390572,0.0003685089129238313
529,자재 공급회수 방법 선정하기,1.0,3,4.07753744390572,0.0003685089129238313
530,자재 출고 검사하기,1.0,3,4.07753744390572,0.0003685089129238313
531,사무관리업무,1.0,3,4.07753744390572,0.0003685089129238313
532,거래명세서 작성,1.0,3,4.07753744390572,0.0003685089129238313
533,상품 판매,1.0,3,4.07753744390572,0.0003685089129238313
534,로그 관리,1.0,3,4.07753744390572,0.0003685089129238313
535,OA 활용,1.0,3,4.07753744390572,0.0003685089129238313
536,덕트,1.0,3,4.07753744390572,0.0003685089129238313
537,착공,1.0,3,4.07753744390572,0.0003685089129238313
538,PD,1.0,3,4.07753744390572,0.0003685089129238313
539,인스타,1.0,3,4.07753744390572,0.0003685089129238313
540,포장 작업,1.0,3,4.07753744390572,0.0003685089129238313
541,인원 채용,1.0,3,4.07753744390572,0.0003685089129238313
542,전표 작성,1.0,3,4.07753744390572,0.0003685089129238313
543,유선,1.0,3,4.07753744390572,0.0003685089129238313
544,건설공사,1.0,3,4.07753744390572,0.0003685089129238313
545,송장출력,1.0,3,4.07753744390572,0.0003685089129238313
546,물류팀,1.0,3,4.07753744390572,0.0003685089129238313
547,품질보증,1.0,3,4.07753744390572,0.0003685089129238313
548,도금,1.0,3,4.07753744390572,0.0003685089129238313
549,관련 사무,1.0,3,4.07753744390572,0.0003685089129238313
550,특근,1.0,3,4.07753744390572,0.0003685089129238313
551,사무행정,1.0,3,4.07753744390572,0.0003685089129238313
552,전표 입력,1.0,3,4.07753744390572,0.0003685089129238313
553,구내,1.0,3,4.07753744390572,0.0003685089129238313
554,청소,2.0,31,3.996191804451767,0.0003611572715033281
555,직원 모집,2.0,33,3.8749425608188974,0.0003501993275043671
556,ERP 경험자,1.0,4,3.8543938925915096,0.000348342234223268
557,택배업무,1.0,4,3.8543938925915096,0.000348342234223268
558,결산준비,1.0,4,3.8543938925915096,0.000348342234223268
559,회계감사,1.0,4,3.8543938925915096,0.000348342234223268
560,외관,1.0,4,3.8543938925915096,0.000348342234223268
561,부가가치세,1.0,4,3.8543938925915096,0.000348342234223268
562,QC,1.0,4,3.8543938925915096,0.000348342234223268
563,창고관리,1.0,4,3.8543938925915096,0.000348342234223268
564,납기,1.0,4,3.8543938925915096,0.000348342234223268
565,조경,1.0,4,3.8543938925915096,0.000348342234223268
566,온라인쇼핑몰,1.0,4,3.8543938925915096,0.000348342234223268
567,예산,1.0,4,3.8543938925915096,0.000348342234223268
568,서류 작업,1.0,4,3.8543938925915096,0.000348342234223268
569,거래처 전화응대,1.0,4,3.8543938925915096,0.000348342234223268
570,기타 관리,1.0,4,3.8543938925915096,0.000348342234223268
571,준공,1.0,4,3.8543938925915096,0.000348342234223268
572,성상,1.0,4,3.8543938925915096,0.000348342234223268
573,PM,1.0,4,3.8543938925915096,0.000348342234223268
574,수납,1.0,4,3.8543938925915096,0.000348342234223268
575,세무사,1.0,4,3.8543938925915096,0.000348342234223268
576,안전관리,1.0,4,3.8543938925915096,0.000348342234223268
577,기본급,2.0,36,3.705827784762771,0.00033491551879846683
578,장애인복지법,1.0,5,3.672072335797555,0.0003318648579585476
579,정보처리기능사,1.0,5,3.672072335797555,0.0003318648579585476
580,자재 출고 방법 설정하기,1.0,5,3.672072335797555,0.0003318648579585476
581,외부감사,1.0,5,3.672072335797555,0.0003318648579585476
582,진단,1.0,5,3.672072335797555,0.0003318648579585476
583,성실함,1.0,5,3.672072335797555,0.0003318648579585476
584,매입매출 관리,1.0,5,3.672072335797555,0.0003318648579585476
585,영업사원,1.0,5,3.672072335797555,0.0003318648579585476
586,은행업무,1.0,5,3.672072335797555,0.0003318648579585476
587,보증,1.0,5,3.672072335797555,0.0003318648579585476
588,촬영,1.0,5,3.672072335797555,0.0003318648579585476
589,월별,1.0,5,3.672072335797555,0.0003318648579585476
590,배치,1.0,5,3.672072335797555,0.0003318648579585476
591,재무,1.0,5,3.672072335797555,0.0003318648579585476
592,전기공사,1.0,5,3.672072335797555,0.0003318648579585476
593,외근,1.0,5,3.672072335797555,0.0003318648579585476
594,근로계약,1.0,5,3.672072335797555,0.0003318648579585476
595,발급,2.0,38,3.600540317791927,0.0003254001261057722
596,엑셀 중급 이상,1.0,6,3.5179216559702966,0.0003179334348309649
597,문서 정리,1.0,6,3.5179216559702966,0.0003179334348309649
598,법인 결산,1.0,6,3.5179216559702966,0.0003179334348309649
599,패킹,1.0,6,3.5179216559702966,0.0003179334348309649
600,블로그 관리,1.0,6,3.5179216559702966,0.0003179334348309649
601,적재,1.0,6,3.5179216559702966,0.0003179334348309649
602,차량 운전,1.0,6,3.5179216559702966,0.0003179334348309649
603,대행사,1.0,6,3.5179216559702966,0.0003179334348309649
604,유관업무 경험,1.0,6,3.5179216559702966,0.0003179334348309649
605,소득세,1.0,6,3.5179216559702966,0.0003179334348309649
606,배차관리,1.0,6,3.5179216559702966,0.0003179334348309649
607,QA,1.0,6,3.5179216559702966,0.0003179334348309649
608,세무신고,1.0,6,3.5179216559702966,0.0003179334348309649
609,물류관리,1.0,6,3.5179216559702966,0.0003179334348309649
610,고객대응,1.0,6,3.5179216559702966,0.0003179334348309649
611,금속,1.0,6,3.5179216559702966,0.0003179334348309649
612,문서작업,1.0,6,3.5179216559702966,0.0003179334348309649
613,통계,1.0,6,3.5179216559702966,0.0003179334348309649
614,자재 출고 작업하기,1.0,7,3.3843902633457743,0.00030586548719977553
615,영상편집,1.0,7,3.3843902633457743,0.00030586548719977553
616,결산준비하기,1.0,7,3.3843902633457743,0.00030586548719977553
617,유압,1.0,7,3.3843902633457743,0.00030586548719977553
618,자재 수불,1.0,7,3.3843902633457743,0.00030586548719977553
619,엑셀 고급능력자,1.0,7,3.3843902633457743,0.00030586548719977553
620,사후관리,1.0,7,3.3843902633457743,0.00030586548719977553
621,근무 형태,1.0,7,3.3843902633457743,0.00030586548719977553
622,거래처 발주,1.0,7,3.3843902633457743,0.00030586548719977553
623,일러스트,1.0,7,3.3843902633457743,0.00030586548719977553
624,장부정리,1.0,7,3.3843902633457743,0.00030586548719977553
625,전표관리,1.0,7,3.3843902633457743,0.00030586548719977553
626,보험관리,1.0,7,3.3843902633457743,0.00030586548719977553
627,매출 관리,1.0,7,3.3843902633457743,0.00030586548719977553
628,엑셀 사용,1.0,7,3.3843902633457743,0.00030586548719977553
629,근무 시간,1.0,7,3.3843902633457743,0.00030586548719977553
630,거래처 관리,1.0,7,3.3843902633457743,0.00030586548719977553
631,직원 급여 관리,1.0,8,3.2666072276893905,0.00029522080299326396
632,자재 보관위치 관리하기,1.0,8,3.2666072276893905,0.00029522080299326396
633,직업상담사,1.0,8,3.2666072276893905,0.00029522080299326396
634,진열,1.0,8,3.2666072276893905,0.00029522080299326396
635,설비 관리,1.0,8,3.2666072276893905,0.00029522080299326396
636,CCTV,1.0,8,3.2666072276893905,0.00029522080299326396
637,반품,1.0,8,3.2666072276893905,0.00029522080299326396
638,초급,1.0,8,3.2666072276893905,0.00029522080299326396
639,인쇄,1.0,8,3.2666072276893905,0.00029522080299326396
640,매입매출관리,1.0,8,3.2666072276893905,0.00029522080299326396
641,노무,1.0,8,3.2666072276893905,0.00029522080299326396
642,인사 관리,1.0,9,3.1612467120315646,0.0002856988084992123
643,픽업,1.0,9,3.1612467120315646,0.0002856988084992123
644,컴퓨터 사용,1.0,9,3.1612467120315646,0.0002856988084992123
645,회계관련,1.0,9,3.1612467120315646,0.0002856988084992123
646,사무실 업무,1.0,9,3.1612467120315646,0.0002856988084992123
647,홈페이지 관리,1.0,9,3.1612467120315646,0.0002856988084992123
648,4대보험관리,1.0,9,3.1612467120315646,0.0002856988084992123
649,문자,1.0,9,3.1612467120315646,0.0002856988084992123
650,총무업무,1.0,9,3.1612467120315646,0.0002856988084992123
651,중급,1.0,9,3.1612467120315646,0.0002856988084992123
652,행정 업무,1.0,9,3.1612467120315646,0.0002856988084992123
653,입출고관리,1.0,9,3.1612467120315646,0.0002856988084992123
654,결산분개하기,1.0,10,3.0659365322272394,0.0002770851167223873
655,전표 관리,1.0,10,3.0659365322272394,0.0002770851167223873
656,주문접수,1.0,10,3.0659365322272394,0.0002770851167223873
657,급여 관리,1.0,10,3.0659365322272394,0.0002770851167223873
658,광고,1.0,10,3.0659365322272394,0.0002770851167223873
659,AS,1.0,10,3.0659365322272394,0.0002770851167223873
660,급여정산,1.0,11,2.9789251552376097,0.0002692214322344919
661,해당직무 인턴경력,1.0,11,2.9789251552376097,0.0002692214322344919
662,상품관리,1.0,11,2.9789251552376097,0.0002692214322344919
663,계획수립,1.0,11,2.9789251552376097,0.0002692214322344919
664,사진촬영,1.0,11,2.9789251552376097,0.0002692214322344919
665,계약서,1.0,11,2.9789251552376097,0.0002692214322344919
666,무역,1.0,11,2.9789251552376097,0.0002692214322344919
667,기계,1.0,11,2.9789251552376097,0.0002692214322344919
668,.NET,1.0,12,2.8988824475640733,0.0002619875437422255
669,취업지원,1.0,12,2.8988824475640733,0.0002619875437422255
670,제조업,1.0,12,2.8988824475640733,0.0002619875437422255
671,납기 관리,1.0,13,2.824774475410352,0.00025529000910690927
672,온라인 판매,1.0,13,2.824774475410352,0.00025529000910690927
673,자차소지자,1.0,13,2.824774475410352,0.00025529000910690927
674,전화상담,1.0,13,2.824774475410352,0.00025529000910690927
675,근태관리,1.0,13,2.824774475410352,0.00025529000910690927
676,업무 진행,1.0,13,2.824774475410352,0.00025529000910690927
677,개선,2.0,57,2.806777588958381,0.00025366353402147705
678,행정지원,1.0,14,2.7557816039234,0.00024905475353392863
679,노무사,1.0,14,2.7557816039234,0.00024905475353392863
680,프레스,1.0,14,2.7557816039234,0.00024905475353392863
681,항공,1.0,14,2.7557816039234,0.00024905475353392863
682,유관업무 경험자,1.0,14,2.7557816039234,0.00024905475353392863
683,서류업무,1.0,14,2.7557816039234,0.00024905475353392863
684,서류 관리,1.0,14,2.7557816039234,0.00024905475353392863
685,생산관리,1.0,14,2.7557816039234,0.00024905475353392863
686,자차필수,1.0,15,2.691243082785829,0.0002432220614757198
687,급여관리,1.0,15,2.691243082785829,0.0002432220614757198
688,신고업무,1.0,15,2.691243082785829,0.0002432220614757198
689,계획서 작성,1.0,15,2.691243082785829,0.0002432220614757198
690,회계 업무,1.0,15,2.691243082785829,0.0002432220614757198
691,엑셀사용,1.0,15,2.691243082785829,0.0002432220614757198
692,제반업무,1.0,15,2.691243082785829,0.0002432220614757198
693,자료정리,1.0,16,2.630618460969394,0.00023774308947623927
694,기타 사무업무,1.0,16,2.630618460969394,0.00023774308947623927
695,공단,1.0,16,2.630618460969394,0.00023774308947623927
696,열정,1.0,16,2.630618460969394,0.00023774308947623927
697,KC,1.0,18,2.51939282585917,0.00022769103270236672
698,운전면허 소지자,1.0,18,2.51939282585917,0.00022769103270236672
699,식자재,1.0,20,2.419309367302187,0.00021864595414162555
700,출납,1.0,21,2.372789351667294,0.00021444169099833153
701,정보통신,1.0,21,2.372789351667294,0.00021444169099833153
702,계약관리,1.0,22,2.3283375890964604,0.00021042434696952098
703,데스크,1.0,23,2.2857779746776643,0.00020657800651043614
704,3D,1.0,23,2.2857779746776643,0.00020657800651043614
705,총괄,1.0,23,2.2857779746776643,0.00020657800651043614
706,관리자,1.0,23,2.2857779746776643,0.00020657800651043614
707,소방,1.0,24,2.244955980157409,0.00020288870407459325
708,관공서,1.0,25,2.205735267004128,0.00019934411801816973
709,주말근무,1.0,27,2.1316272948504063,0.00019264658338285346
710,전화문의,1.0,29,2.0626344233634546,0.00018641132780987288
711,선발,1.0,30,2.029844600540464,0.00018344793577983152
712,공학계열,1.0,31,1.9980959022258835,0.00018057863575166405
713,관련 자격증 소지자,1.0,42,1.7026316893320477,0.00015387595125170033
714,훈련,1.0,52,1.4935398914734883,0.0001349792048232134
715,근무 가능자,1.0,53,1.4748477584613358,0.00013328989657986884
716,포상,1.0,55,1.4384801142904609,0.00013000315765879773
717,PC,1.0,60,1.3529579408522987,0.000122274060477438
718,영어,1.0,63,1.304948721665938,0.00011793521002760828
719,성과급,1.0,66,1.259139185634644,0.00011379515673400387
720,컴퓨터활용능력 우수,1.0,66,1.259139185634644,0.00011379515673400387
721,구축,1.0,73,1.1597667118214403,0.0001048143336751777
722,문화,1.0,77,1.1071229783360184,0.00010005663732883035
723,법인세 관리,0.01,0,0.0546383180502561,4.937957643719428e-06
724,소모품 수입,0.01,0,0.0546383180502561,4.937957643719428e-06
725,영문 서신 작성,0.01,0,0.0546383180502561,4.937957643719428e-06
726,엑셀 등 작업 가능자,0.01,0,0.0546383180502561,4.937957643719428e-06
727,유해화학물질관리자,0.01,0,0.0546383180502561,4.937957643719428e-06
728,가구 설치,0.01,0,0.0546383180502561,4.937957643719428e-06
729,EMBEDDED SYSTEM,0.01,0,0.0546383180502561,4.937957643719428e-06
730,타이어 탈착,0.01,0,0.0546383180502561,4.937957643719428e-06
731,현장 조율,0.01,0,0.0546383180502561,4.937957643719428e-06
732,경영계획 분석,0.01,0,0.0546383180502561,4.937957643719428e-06
733,폐기물 관련 업무,0.01,0,0.0546383180502561,4.937957643719428e-06
734,납품계획 세우기,0.01,0,0.0546383180502561,4.937957643719428e-06
735,불량재고 처리하기,0.01,0,0.0546383180502561,4.937957643719428e-06
736,매뉴얼 업무,0.01,0,0.0546383180502561,4.937957643719428e-06
737,건축업무 경험,0.01,0,0.0546383180502561,4.937957643719428e-06
738,UX 시나리오 제작,0.01,0,0.0546383180502561,4.937957643719428e-06
739,평가계획 수립하기,0.01,0,0.0546383180502561,4.937957643719428e-06
740,현장상황파악,0.01,0,0.0546383180502561,4.937957643719428e-06
741,인허가관리,0.01,0,0.0546383180502561,4.937957643719428e-06
742,사건 수임,0.01,0,0.0546383180502561,4.937957643719428e-06
743,PF심의자료 작성,0.01,0,0.0546383180502561,4.937957643719428e-06
744,디지털 교육 이해,0.01,0,0.0546383180502561,4.937957643719428e-06
745,여행상품개발,0.01,0,0.0546383180502561,4.937957643719428e-06
746,주차매출 관리,0.01,0,0.0546383180502561,4.937957643719428e-06
747,행사 이주용역 업체 관리,0.01,0,0.0546383180502561,4.937957643719428e-06
748,어도비 포토샵,0.01,0,0.0546383180502561,4.937957643719428e-06
749,데미지 관리,0.01,0,0.0546383180502561,4.937957643719428e-06
750,기관 소통 업무,0.01,0,0.0546383180502561,4.937957643719428e-06
751,비디오메타 사용,0.01,0,0.0546383180502561,4.937957643719428e-06
752,소프트웨어 테스트하기,0.01,0,0.0546383180502561,4.937957643719428e-06
753,자습감독,0.01,0,0.0546383180502561,4.937957643719428e-06
754,JLPT 2급이상,0.01,0,0.0546383180502561,4.937957643719428e-06
755,한자 관련 자격증,0.01,0,0.0546383180502561,4.937957643719428e-06
756,기성취합,0.01,0,0.0546383180502561,4.937957643719428e-06
757,KUBERNETES,0.01,0,0.0546383180502561,4.937957643719428e-06
758,프로젝트 코디네이팅,0.01,0,0.0546383180502561,4.937957643719428e-06
759,근로기준법에 따른 근로계약서 분석,0.01,0,0.0546383180502561,4.937957643719428e-06
760,경비지도사 직무교육,0.01,0,0.0546383180502561,4.937957643719428e-06
761,데이터 마이닝,0.01,0,0.0546383180502561,4.937957643719428e-06
762,채권현황 파악,0.01,0,0.0546383180502561,4.937957643719428e-06
763,제품표준서 작성,0.01,0,0.0546383180502561,4.937957643719428e-06
764,일용직 투입,0.01,0,0.0546383180502561,4.937957643719428e-06
765,영업 손익관리,0.01,0,0.0546383180502561,4.937957643719428e-06
766,불꽃놀이 연출,0.01,0,0.0546383180502561,4.937957643719428e-06
767,생산검토,0.01,0,0.0546383180502561,4.937957643719428e-06
768,화학사고대응,0.01,0,0.0546383180502561,4.937957643719428e-06
769,나라사업 발굴,0.01,0,0.0546383180502561,4.937957643719428e-06
770,영상 프로그램,0.01,0,0.0546383180502561,4.937957643719428e-06
771,탱고 시스템 작업 등록,0.01,0,0.0546383180502561,4.937957643719428e-06
772,운영 원칙 이해,0.01,0,0.0546383180502561,4.937957643719428e-06
773,피트니스 매장관리 경험자,0.01,0,0.0546383180502561,4.937957643719428e-06
774,법규 검토,0.01,0,0.0546383180502561,4.937957643719428e-06
775,분양 타당성 분석하기,0.01,0,0.0546383180502561,4.937957643719428e-06
776,각종 사무관리,0.01,0,0.0546383180502561,4.937957643719428e-06
777,공공기관 정보화 사업 감리,0.01,0,0.0546383180502561,4.937957643719428e-06
778,가격별 상품 구성,0.01,0,0.0546383180502561,4.937957643719428e-06
779,해당 문장에서는 생산관리사무원,0.01,0,0.0546383180502561,4.937957643719428e-06
780,국제계약규범 활용하기,0.01,0,0.0546383180502561,4.937957643719428e-06
781,수입신고서 작성,0.01,0,0.0546383180502561,4.937957643719428e-06
782,근무표관리,0.01,0,0.0546383180502561,4.937957643719428e-06
783,직업훈련 평가,0.01,0,0.0546383180502561,4.937957643719428e-06
784,제품 기술정보,0.01,0,0.0546383180502561,4.937957643719428e-06
785,지장물 조서 작성,0.01,0,0.0546383180502561,4.937957643719428e-06
786,의료 비품 관리,0.01,0,0.0546383180502561,4.937957643719428e-06
787,어도브 프로그램,0.01,0,0.0546383180502561,4.937957643719428e-06
788,농산식품 매장 관리하기,0.01,0,0.0546383180502561,4.937957643719428e-06
789,UX 콘셉트 디자인,0.01,0,0.0546383180502561,4.937957643719428e-06
790,에어컨 조립,0.01,0,0.0546383180502561,4.937957643719428e-06
791,고정 설치 방식 결정하기,0.01,0,0.0546383180502561,4.937957643719428e-06
792,서버 기본 설치,0.01,0,0.0546383180502561,4.937957643719428e-06
793,CLAIM 업무,0.01,0,0.0546383180502561,4.937957643719428e-06
794,PPT 활용능력,0.01,0,0.0546383180502561,4.937957643719428e-06
795,차량소지자가 우대사항으로 언급되어 있습니다.,0.01,0,0.0546383180502561,4.937957643719428e-06
796,중량 점검표,0.01,0,0.0546383180502561,4.937957643719428e-06
797,신속하고 정확한 업무 처리 능력,0.01,0,0.0546383180502561,4.937957643719428e-06
798,관련업계 경험,0.01,0,0.0546383180502561,4.937957643719428e-06
799,대표 업무,0.01,0,0.0546383180502561,4.937957643719428e-06
800,건설관련 금속구조물 제조,0.01,0,0.0546383180502561,4.937957643719428e-06
801,농업법인 상담,0.01,0,0.0546383180502561,4.937957643719428e-06
802,온라인 MD 경력,0.01,0,0.0546383180502561,4.937957643719428e-06
803,GUI 프로그래밍,0.01,0,0.0546383180502561,4.937957643719428e-06
804,POWER POINT 등 활용능력,0.01,0,0.0546383180502561,4.937957643719428e-06
805,인터칩 통신,0.01,0,0.0546383180502561,4.937957643719428e-06
806,품질 개선방법 파악,0.01,0,0.0546383180502561,4.937957643719428e-06
807,부동산감정평가업무 관련 사무직,0.01,0,0.0546383180502561,4.937957643719428e-06
808,계획 수립과 프로젝트 관리 역량,0.01,0,0.0546383180502561,4.937957643719428e-06
809,유통사 파트너 시스템,0.01,0,0.0546383180502561,4.937957643719428e-06
810,입출납업무,0.01,0,0.0546383180502561,4.937957643719428e-06
811,PPT 활용 등이 능통한 자,0.01,0,0.0546383180502561,4.937957643719428e-06
812,이커머스 시장 이해도가 높고,0.01,0,0.0546383180502561,4.937957643719428e-06
813,센서 제어 소프트웨어 연구,0.01,0,0.0546383180502561,4.937957643719428e-06
814,방충ㆍ방서 관리하기,0.01,0,0.0546383180502561,4.937957643719428e-06
815,컨테이너 오케스트레이션,0.01,0,0.0546383180502561,4.937957643719428e-06
816,축구 전공자,0.01,0,0.0546383180502561,4.937957643719428e-06
817,플레이스토어 배포 경험,0.01,0,0.0546383180502561,4.937957643719428e-06
818,펌웨어 코딩하기,0.01,0,0.0546383180502561,4.937957643719428e-06
819,정부공모사업 사업계획서 작성,0.01,0,0.0546383180502561,4.937957643719428e-06
820,교육생 관리 커뮤니케이션,0.01,0,0.0546383180502561,4.937957643719428e-06
821,DB DESIGN,0.01,0,0.0546383180502561,4.937957643719428e-06
822,식자재 입고하기,0.01,0,0.0546383180502561,4.937957643719428e-06
823,펌웨어 검증하기,0.01,0,0.0546383180502561,4.937957643719428e-06
824,불만사항 수집,0.01,0,0.0546383180502561,4.937957643719428e-06
825,전산회계 관련 자격증 소유자,0.01,0,0.0546383180502561,4.937957643719428e-06
826,화장품과학,0.01,0,0.0546383180502561,4.937957643719428e-06
827,노무 관련 업무,0.01,0,0.0546383180502561,4.937957643719428e-06
828,구내통신구축 공사관리,0.01,0,0.0546383180502561,4.937957643719428e-06
829,사회복지 관련 시설 운영 경력자,0.01,0,0.0546383180502561,4.937957643719428e-06
830,소분하기,0.01,0,0.0546383180502561,4.937957643719428e-06
831,자재사무원,0.01,0,0.0546383180502561,4.937957643719428e-06
832,사진 찍기,0.01,0,0.0546383180502561,4.937957643719428e-06
833,경제적 환경분석하기,0.01,0,0.0546383180502561,4.937957643719428e-06
834,인적관리,0.01,0,0.0546383180502561,4.937957643719428e-06
835,공구자재 관리,0.01,0,0.0546383180502561,4.937957643719428e-06
836,봉제부,0.01,0,0.0546383180502561,4.937957643719428e-06
837,아파트 회계 업무 유경험자,0.01,0,0.0546383180502561,4.937957643719428e-06
838,빅데이터 분석모듈 개발,0.01,0,0.0546383180502561,4.937957643719428e-06
839,음 매출대비 원가 산출,0.01,0,0.0546383180502561,4.937957643719428e-06
840,관련 유경헙자,0.01,0,0.0546383180502561,4.937957643719428e-06
841,사무OA 프로그램 자,0.01,0,0.0546383180502561,4.937957643719428e-06
842,수강생관리,0.01,0,0.0546383180502561,4.937957643719428e-06
843,신규 수강상담,0.01,0,0.0546383180502561,4.937957643719428e-06
844,일반행정관리,0.01,0,0.0546383180502561,4.937957643719428e-06
845,간이지급명세서 전자신고,0.01,0,0.0546383180502561,4.937957643719428e-06
846,HSK 5급 이상,0.01,0,0.0546383180502561,4.937957643719428e-06
847,MES전산사용,0.01,0,0.0546383180502561,4.937957643719428e-06
848,신선 수산물 취급관리하기,0.01,0,0.0546383180502561,4.937957643719428e-06
849,HRD-NET 교육 행정사무,0.01,0,0.0546383180502561,4.937957643719428e-06
850,학교 환경,0.01,0,0.0546383180502561,4.937957643719428e-06
851,빅데이터 또는 RDB 기반 데이터를 분석하고 조합하여 고객이 원하는 데이터 융복합 DATASET을 만들어 제공한 경험,0.01,0,0.0546383180502561,4.937957643719428e-06
852,판매처별 행사,0.01,0,0.0546383180502561,4.937957643719428e-06
853,산업용 미디어 컨버터,0.01,0,0.0546383180502561,4.937957643719428e-06
854,원자력공학,0.01,0,0.0546383180502561,4.937957643719428e-06
855,전화 소통,0.01,0,0.0546383180502561,4.937957643719428e-06
856,철판 절단절곡제작,0.01,0,0.0546383180502561,4.937957643719428e-06
857,인스타그램운영,0.01,0,0.0546383180502561,4.937957643719428e-06
858,건축 또는 토목 소지자,0.01,0,0.0546383180502561,4.937957643719428e-06
859,SIEM,0.01,0,0.0546383180502561,4.937957643719428e-06
860,기타서류 보조,0.01,0,0.0546383180502561,4.937957643719428e-06
861,카본섬유 활용 스포츠제품 개발,0.01,0,0.0546383180502561,4.937957643719428e-06
862,국내외 식품 관련 규정,0.01,0,0.0546383180502561,4.937957643719428e-06
863,관능평가,0.01,0,0.0546383180502561,4.937957643719428e-06
864,재가장깅양기관,0.01,0,0.0546383180502561,4.937957643719428e-06
865,수집 데이터 검증모듈 개발,0.01,0,0.0546383180502561,4.937957643719428e-06
866,현장검측·시공 확인하기,0.01,0,0.0546383180502561,4.937957643719428e-06
867,보증수리 일반정비 내역서 발행,0.01,0,0.0546383180502561,4.937957643719428e-06
868,서버내 탑재된 솔류션,0.01,0,0.0546383180502561,4.937957643719428e-06
869,상품 원가 분석,0.01,0,0.0546383180502561,4.937957643719428e-06
870,영문 E-MAIL 독해,0.01,0,0.0546383180502561,4.937957643719428e-06
871,각종 센서 활용한 개발 경험,0.01,0,0.0546383180502561,4.937957643719428e-06
872,자동화 등,0.01,0,0.0546383180502561,4.937957643719428e-06
873,RETAIL DEVELOPMENT,0.01,0,0.0546383180502561,4.937957643719428e-06
874,EAP,0.01,0,0.0546383180502561,4.937957643719428e-06
875,조직문화 활성화 방안 실행하기,0.01,0,0.0546383180502561,4.937957643719428e-06
876,SW테스트 전략,0.01,0,0.0546383180502561,4.937957643719428e-06
877,생산진도 관리하기,0.01,0,0.0546383180502561,4.937957643719428e-06
878,개인결체창,0.01,0,0.0546383180502561,4.937957643719428e-06
879,SNS 기반 활용,0.01,0,0.0546383180502561,4.937957643719428e-06
880,세미나 개최,0.01,0,0.0546383180502561,4.937957643719428e-06
881,교육 개발,0.01,0,0.0546383180502561,4.937957643719428e-06
882,정보통신 지식,0.01,0,0.0546383180502561,4.937957643719428e-06
883,구급차 운전,0.01,0,0.0546383180502561,4.937957643719428e-06
884,환경미화원,0.01,0,0.0546383180502561,4.937957643719428e-06
885,원자재 입출고 검수,0.01,0,0.0546383180502561,4.937957643719428e-06
886,거래처 불만대응,0.01,0,0.0546383180502561,4.937957643719428e-06
887,분양상품 수요 분석하기,0.01,0,0.0546383180502561,4.937957643719428e-06
888,부동산 권리분석,0.01,0,0.0546383180502561,4.937957643719428e-06
889,활동 유경험자,0.01,0,0.0546383180502561,4.937957643719428e-06
890,부동산관련업무,0.01,0,0.0546383180502561,4.937957643719428e-06
891,3D 렌더링,0.01,0,0.0546383180502561,4.937957643719428e-06
892,제품공정별 관리,0.01,0,0.0546383180502561,4.937957643719428e-06
893,고객사 데이터베이스 관리,0.01,0,0.0546383180502561,4.937957643719428e-06
894,거래약정 감리하기,0.01,0,0.0546383180502561,4.937957643719428e-06
895,내PC지키미,0.01,0,0.0546383180502561,4.937957643719428e-06
896,UI 설계,0.01,0,0.0546383180502561,4.937957643719428e-06
897,경영실적 측정하기,0.01,0,0.0546383180502561,4.937957643719428e-06
898,과제비 집행,0.01,0,0.0546383180502561,4.937957643719428e-06
899,기타 관련서류 작성,0.01,0,0.0546383180502561,4.937957643719428e-06
900,치킨가맹점 수발주관리,0.01,0,0.0546383180502561,4.937957643719428e-06
901,제조수량 관리,0.01,0,0.0546383180502561,4.937957643719428e-06
902,운영 관련 프로그램 관리,0.01,0,0.0546383180502561,4.937957643719428e-06
903,장비운용 전문교육,0.01,0,0.0546383180502561,4.937957643719428e-06
904,사회복지사 1급,0.01,0,0.0546383180502561,4.937957643719428e-06
905,여행상품 관리,0.01,0,0.0546383180502561,4.937957643719428e-06
906,자동소화장치,0.01,0,0.0546383180502561,4.937957643719428e-06
907,무역분쟁 해결하기,0.01,0,0.0546383180502561,4.937957643719428e-06
908,조선소 납품,0.01,0,0.0546383180502561,4.937957643719428e-06
909,구매단가 결정하기,0.01,0,0.0546383180502561,4.937957643719428e-06
910,도급직원 관리,0.01,0,0.0546383180502561,4.937957643719428e-06
911,공공 사업 현장대리인,0.01,0,0.0546383180502561,4.937957643719428e-06
912,인공지능 모델 개발,0.01,0,0.0546383180502561,4.937957643719428e-06
913,펌웨어 개발환경 구축하기,0.01,0,0.0546383180502561,4.937957643719428e-06
914,정보통신기술자 경력수첩,0.01,0,0.0546383180502561,4.937957643719428e-06
915,경영 업무지원,0.01,0,0.0546383180502561,4.937957643719428e-06
916,정보화 활용 능력 자격증 소지자,0.01,0,0.0546383180502561,4.937957643719428e-06
917,물류고객관리,0.01,0,0.0546383180502561,4.937957643719428e-06
918,테스트자격증,0.01,0,0.0546383180502561,4.937957643719428e-06
919,네트워크 운영,0.01,0,0.0546383180502561,4.937957643719428e-06
920,전기설비 관련 경험,0.01,0,0.0546383180502561,4.937957643719428e-06
921,소방 특급 선임 가능자,0.01,0,0.0546383180502561,4.937957643719428e-06
922,장기요양보험수가 청구,0.01,0,0.0546383180502561,4.937957643719428e-06
923,산업용광스위치,0.01,0,0.0546383180502561,4.937957643719428e-06
924,우주항공 개발,0.01,0,0.0546383180502561,4.937957643719428e-06
925,현장별 원가관리,0.01,0,0.0546383180502561,4.937957643719428e-06
926,절차 준수,0.01,0,0.0546383180502561,4.937957643719428e-06
927,행정 서류 관리,0.01,0,0.0546383180502561,4.937957643719428e-06
928,안드로이드 AOSP,0.01,0,0.0546383180502561,4.937957643719428e-06
929,자재 공급원 승인·검수하기,0.01,0,0.0546383180502561,4.937957643719428e-06
930,부동산 시장 분석,0.01,0,0.0546383180502561,4.937957643719428e-06
931,단가 협의,0.01,0,0.0546383180502561,4.937957643719428e-06
932,모바일 홈페이지 관리,0.01,0,0.0546383180502561,4.937957643719428e-06
933,VR 디지털 콘텐츠 제작,0.01,0,0.0546383180502561,4.937957643719428e-06
934,예산 업무,0.01,0,0.0546383180502561,4.937957643719428e-06
935,기술인 입퇴사 신고,0.01,0,0.0546383180502561,4.937957643719428e-06
936,새로운 상품 컨텍,0.01,0,0.0546383180502561,4.937957643719428e-06
937,생산일보작성,0.01,0,0.0546383180502561,4.937957643719428e-06
938,산출기초 작성,0.01,0,0.0546383180502561,4.937957643719428e-06
939,수리원,0.01,0,0.0546383180502561,4.937957643719428e-06
940,생산직 직원관리,0.01,0,0.0546383180502561,4.937957643719428e-06
941,조직문화 활성화 방안 수립하기,0.01,0,0.0546383180502561,4.937957643719428e-06
942,GUI 설계,0.01,0,0.0546383180502561,4.937957643719428e-06
943,이벤트 관리,0.01,0,0.0546383180502561,4.937957643719428e-06
944,빅데이터 플랫폼 테스트 설계,0.01,0,0.0546383180502561,4.937957643719428e-06
945,전기자재 납품,0.01,0,0.0546383180502561,4.937957643719428e-06
946,연간 교육 프로그램 수립,0.01,0,0.0546383180502561,4.937957643719428e-06
947,미들웨어 설계하기,0.01,0,0.0546383180502561,4.937957643719428e-06
948,PC 자격증,0.01,0,0.0546383180502561,4.937957643719428e-06
949,자동차 품질 LQC 업무,0.01,0,0.0546383180502561,4.937957643719428e-06
950,근무수칙,0.01,0,0.0546383180502561,4.937957643719428e-06
951,영문자료 작성 교정,0.01,0,0.0546383180502561,4.937957643719428e-06
952,기능시험,0.01,0,0.0546383180502561,4.937957643719428e-06
953,반응기,0.01,0,0.0546383180502561,4.937957643719428e-06
954,파워포인트사용,0.01,0,0.0546383180502561,4.937957643719428e-06
955,퇴직금 산정서 작성,0.01,0,0.0546383180502561,4.937957643719428e-06
956,외부 품질문제 관리,0.01,0,0.0546383180502561,4.937957643719428e-06
957,관리체계정립,0.01,0,0.0546383180502561,4.937957643719428e-06
958,해운 계통 전공,0.01,0,0.0546383180502561,4.937957643719428e-06
959,피드백 반영,0.01,0,0.0546383180502561,4.937957643719428e-06
960,생물공학,0.01,0,0.0546383180502561,4.937957643719428e-06
961,프레스작업,0.01,0,0.0546383180502561,4.937957643719428e-06
962,IPT 운용 경험,0.01,0,0.0546383180502561,4.937957643719428e-06
963,주간계획 수립,0.01,0,0.0546383180502561,4.937957643719428e-06
964,정보보안 제품군,0.01,0,0.0546383180502561,4.937957643719428e-06
965,자동차부품 제조업 관리직 업무 필수 5년이상 10년 이하,0.01,0,0.0546383180502561,4.937957643719428e-06
966,연결재무제표 작성하기,0.01,0,0.0546383180502561,4.937957643719428e-06
967,올리콘 리더십,0.01,0,0.0546383180502561,4.937957643719428e-06
968,항공 AWB 작성,0.01,0,0.0546383180502561,4.937957643719428e-06
969,동업종 팀장 경력,0.01,0,0.0546383180502561,4.937957643719428e-06
970,복합운송방법 결정하기,0.01,0,0.0546383180502561,4.937957643719428e-06
971,자동차보상,0.01,0,0.0546383180502561,4.937957643719428e-06
972,임대매매,0.01,0,0.0546383180502561,4.937957643719428e-06
973,수급자 관리,0.01,0,0.0546383180502561,4.937957643719428e-06
974,시공상세도면 작성,0.01,0,0.0546383180502561,4.937957643719428e-06
975,유통 구매 경력자,0.01,0,0.0546383180502561,4.937957643719428e-06
976,충진 관리,0.01,0,0.0546383180502561,4.937957643719428e-06
977,임베디드 소프트 설계,0.01,0,0.0546383180502561,4.937957643719428e-06
978,전산기기 관리,0.01,0,0.0546383180502561,4.937957643719428e-06
979,스포츠 사업 경험,0.01,0,0.0546383180502561,4.937957643719428e-06
980,수입환경 조사하기,0.01,0,0.0546383180502561,4.937957643719428e-06
981,재활상담사 자격,0.01,0,0.0546383180502561,4.937957643719428e-06
982,타이어 장착,0.01,0,0.0546383180502561,4.937957643719428e-06
983,수입조건 협상,0.01,0,0.0546383180502561,4.937957643719428e-06
984,영어자격증 소지자,0.01,0,0.0546383180502561,4.937957643719428e-06
985,부동산 자료 수집,0.01,0,0.0546383180502561,4.937957643719428e-06
986,무선통신시스템구축,0.01,0,0.0546383180502561,4.937957643719428e-06
987,부대시설 관리,0.01,0,0.0546383180502561,4.937957643719428e-06
988,생산인력 관리,0.01,0,0.0546383180502561,4.937957643719428e-06
989,어드민 경험,0.01,0,0.0546383180502561,4.937957643719428e-06
990,서비스 배포 체계,0.01,0,0.0546383180502561,4.937957643719428e-06
991,상품취급,0.01,0,0.0546383180502561,4.937957643719428e-06
992,기타 공공사업 사업관리자,0.01,0,0.0546383180502561,4.937957643719428e-06
993,레이저 컴작업,0.01,0,0.0546383180502561,4.937957643719428e-06
994,기계 설비 원리 이해,0.01,0,0.0546383180502561,4.937957643719428e-06
995,기업고객 모니터링하기,0.01,0,0.0546383180502561,4.937957643719428e-06
996,위생과 위생점검,0.01,0,0.0546383180502561,4.937957643719428e-06
997,행사관련 계획 수립,0.01,0,0.0546383180502561,4.937957643719428e-06
998,조경업 경험 관리인,0.01,0,0.0546383180502561,4.937957643719428e-06
999,강의경력자,0.01,0,0.0546383180502561,4.937957643719428e-06
1000,COPY WRITER,0.01,0,0.0546383180502561,4.937957643719428e-06
1001,빅데이터 분석시스템 설계,0.01,0,0.0546383180502561,4.937957643719428e-06
1002,전파전파 특성 검토,0.01,0,0.0546383180502561,4.937957643719428e-06
1003,디자인 프로그램 운영,0.01,0,0.0546383180502561,4.937957643719428e-06
1004,경영실적 피드백하기,0.01,0,0.0546383180502561,4.937957643719428e-06
1005,조직 리딩 경력,0.01,0,0.0546383180502561,4.937957643719428e-06
1006,T 소프트웨어 검증,0.01,0,0.0546383180502561,4.937957643719428e-06
1007,수동라인,0.01,0,0.0546383180502561,4.937957643719428e-06
1008,AWS 환경에서의 자원 구축,0.01,0,0.0546383180502561,4.937957643719428e-06
1009,MD 관련업무 경력,0.01,0,0.0546383180502561,4.937957643719428e-06
1010,사업장 관리,0.01,0,0.0546383180502561,4.937957643719428e-06
1011,학원 마케팅,0.01,0,0.0546383180502561,4.937957643719428e-06
1012,ISMS-P,0.01,0,0.0546383180502561,4.937957643719428e-06
1013,정부 지원 사업 발굴,0.01,0,0.0546383180502561,4.937957643719428e-06
1014,IC CARD READER,0.01,0,0.0546383180502561,4.937957643719428e-06
1015,서비스 수준 관리하기,0.01,0,0.0546383180502561,4.937957643719428e-06
1016,대학 안전관리,0.01,0,0.0546383180502561,4.937957643719428e-06
1017,컨벤션기획사2급,0.01,0,0.0546383180502561,4.937957643719428e-06
1018,인플루언서 경험,0.01,0,0.0546383180502561,4.937957643719428e-06
1019,의전업무,0.01,0,0.0546383180502561,4.937957643719428e-06
1020,해당 문장에서는 복지카드 소지자 자격요건과 유관업무 경력자,0.01,0,0.0546383180502561,4.937957643719428e-06
1021,해기사 승선 경력자,0.01,0,0.0546383180502561,4.937957643719428e-06
1022,문서 작성 프로그램 활용능력,0.01,0,0.0546383180502561,4.937957643719428e-06
1023,일반 문서작성,0.01,0,0.0546383180502561,4.937957643719428e-06
1024,결재 관련 업무,0.01,0,0.0546383180502561,4.937957643719428e-06
1025,개선 능력,0.01,0,0.0546383180502561,4.937957643719428e-06
1026,무역영어 자격증,0.01,0,0.0546383180502561,4.937957643719428e-06
1027,IMMERSIVE MEDIA,0.01,0,0.0546383180502561,4.937957643719428e-06
1028,적하보험 가입하기,0.01,0,0.0546383180502561,4.937957643719428e-06
1029,고무제품 규격 파악,0.01,0,0.0546383180502561,4.937957643719428e-06
1030,엑셀 능통한 자,0.01,0,0.0546383180502561,4.937957643719428e-06
1031,생산 포장 관리,0.01,0,0.0546383180502561,4.937957643719428e-06
1032,아웃바운드 CS,0.01,0,0.0546383180502561,4.937957643719428e-06
1033,조립식 건축,0.01,0,0.0546383180502561,4.937957643719428e-06
1034,간단한 컴퓨터 활용,0.01,0,0.0546383180502561,4.937957643719428e-06
1035,시스코 관련 자격증,0.01,0,0.0546383180502561,4.937957643719428e-06
1036,인건비 현황 분석,0.01,0,0.0546383180502561,4.937957643719428e-06
1037,DHL온라인 예약,0.01,0,0.0546383180502561,4.937957643719428e-06
1038,해외 프로젝트 관련 관리 서류 작성,0.01,0,0.0546383180502561,4.937957643719428e-06
1039,3D 렌더링 스크립트 작성,0.01,0,0.0546383180502561,4.937957643719428e-06
1040,온라인 시장분석,0.01,0,0.0546383180502561,4.937957643719428e-06
1041,미장,0.01,0,0.0546383180502561,4.937957643719428e-06
1042,기구 해석 수식을 C 언어로 코딩,0.01,0,0.0546383180502561,4.937957643719428e-06
1043,통합전산시스템 관리,0.01,0,0.0546383180502561,4.937957643719428e-06
1044,에너지기능사,0.01,0,0.0546383180502561,4.937957643719428e-06
1045,창호공사 현장관련 자재발주,0.01,0,0.0546383180502561,4.937957643719428e-06
1046,직업훈련분야,0.01,0,0.0546383180502561,4.937957643719428e-06
1047,기타 수명업무,0.01,0,0.0546383180502561,4.937957643719428e-06
1048,통신 프로그래밍,0.01,0,0.0546383180502561,4.937957643719428e-06
1049,스테인리스 소재 필거,0.01,0,0.0546383180502561,4.937957643719428e-06
1050,IAC,0.01,0,0.0546383180502561,4.937957643719428e-06
1051,DEVEXPRESS,0.01,0,0.0546383180502561,4.937957643719428e-06
1052,LIN 등 구현,0.01,0,0.0546383180502561,4.937957643719428e-06
1053,가정용품,0.01,0,0.0546383180502561,4.937957643719428e-06
1054,하청,0.01,0,0.0546383180502561,4.937957643719428e-06
1055,회의·컨벤션,0.01,0,0.0546383180502561,4.937957643719428e-06
1056,행정 DB 설계,0.01,0,0.0546383180502561,4.937957643719428e-06
1057,운전자보험,0.01,0,0.0546383180502561,4.937957643719428e-06
1058,클라우드 기반 시스템 운영관리,0.01,0,0.0546383180502561,4.937957643719428e-06
1059,헬스기구 관리,0.01,0,0.0546383180502561,4.937957643719428e-06
1060,캐릭터 상품 소비자 분석,0.01,0,0.0546383180502561,4.937957643719428e-06
1061,입식지게차 활용,0.01,0,0.0546383180502561,4.937957643719428e-06
1062,병원사무장,0.01,0,0.0546383180502561,4.937957643719428e-06
1063,클라우드관련 업무 경험자,0.01,0,0.0546383180502561,4.937957643719428e-06
1064,블로그운영,0.01,0,0.0546383180502561,4.937957643719428e-06
1065,2.5톤 화물차 운전가능자,0.01,0,0.0546383180502561,4.937957643719428e-06
1066,고객선호도 평가,0.01,0,0.0546383180502561,4.937957643719428e-06
1067,클라우드 네이티브 개발자,0.01,0,0.0546383180502561,4.937957643719428e-06
1068,최적안 돌출,0.01,0,0.0546383180502561,4.937957643719428e-06
1069,회계감사 준비,0.01,0,0.0546383180502561,4.937957643719428e-06
1070,거래제안서 작성,0.01,0,0.0546383180502561,4.937957643719428e-06
1071,농업·농촌 법인 조합원,0.01,0,0.0546383180502561,4.937957643719428e-06
1072,촉진전략 수립,0.01,0,0.0546383180502561,4.937957643719428e-06
1073,앱 구현,0.01,0,0.0546383180502561,4.937957643719428e-06
1074,자동차 부품 조립라인 관리,0.01,0,0.0546383180502561,4.937957643719428e-06
1075,내주링 성형기 운영,0.01,0,0.0546383180502561,4.937957643719428e-06
1076,사랑하는 일에 집중,0.01,0,0.0546383180502561,4.937957643719428e-06
1077,D 연구과제 사업,0.01,0,0.0546383180502561,4.937957643719428e-06
1078,NOSQL,0.01,0,0.0546383180502561,4.937957643719428e-06
1079,기구물 제작하기,0.01,0,0.0546383180502561,4.937957643719428e-06
1080,HRM,0.01,0,0.0546383180502561,4.937957643719428e-06
1081,로스율 산출,0.01,0,0.0546383180502561,4.937957643719428e-06
1082,창호공사 시공,0.01,0,0.0546383180502561,4.937957643719428e-06
1083,물품 구매 업무,0.01,0,0.0546383180502561,4.937957643719428e-06
1084,보안 조치,0.01,0,0.0546383180502561,4.937957643719428e-06
1085,신규 사업개발,0.01,0,0.0546383180502561,4.937957643719428e-06
1086,사무실내 근무,0.01,0,0.0546383180502561,4.937957643719428e-06
1087,RESTFUL API 설계,0.01,0,0.0546383180502561,4.937957643719428e-06
1088,변호사사무장,0.01,0,0.0546383180502561,4.937957643719428e-06
1089,인력 운영 경험자,0.01,0,0.0546383180502561,4.937957643719428e-06
1090,영문 이메일,0.01,0,0.0546383180502561,4.937957643719428e-06
1091,리팩토링 적용하기,0.01,0,0.0546383180502561,4.937957643719428e-06
1092,인사 조직 계획 수립,0.01,0,0.0546383180502561,4.937957643719428e-06
1093,WEBSQURE,0.01,0,0.0546383180502561,4.937957643719428e-06
1094,노무 김반장 P,0.01,0,0.0546383180502561,4.937957643719428e-06
1095,인사시스템관리,0.01,0,0.0546383180502561,4.937957643719428e-06
1096,환경관리지원,0.01,0,0.0546383180502561,4.937957643719428e-06
1097,소방 자격증,0.01,0,0.0546383180502561,4.937957643719428e-06
1098,부동산 현황 분석,0.01,0,0.0546383180502561,4.937957643719428e-06
1099,목공예품,0.01,0,0.0546383180502561,4.937957643719428e-06
1100,NUXT,0.01,0,0.0546383180502561,4.937957643719428e-06
1101,1종 대형운전면허,0.01,0,0.0546383180502561,4.937957643719428e-06
1102,품질문서 개발,0.01,0,0.0546383180502561,4.937957643719428e-06
1103,요구사항 명세화하기,0.01,0,0.0546383180502561,4.937957643719428e-06
1104,OEM포장자재발주,0.01,0,0.0546383180502561,4.937957643719428e-06
1105,어플관련상담,0.01,0,0.0546383180502561,4.937957643719428e-06
1106,승선허가 신청,0.01,0,0.0546383180502561,4.937957643719428e-06
1107,내부 창고 관리,0.01,0,0.0546383180502561,4.937957643719428e-06
1108,이벤트 디자인 도출하기,0.01,0,0.0546383180502561,4.937957643719428e-06
1109,수주 입력,0.01,0,0.0546383180502561,4.937957643719428e-06
1110,원산지 서류 관리,0.01,0,0.0546383180502561,4.937957643719428e-06
1111,MS-SQL RDBMS 운영,0.01,0,0.0546383180502561,4.937957643719428e-06
1112,협상 실행,0.01,0,0.0546383180502561,4.937957643719428e-06
1113,W 개발자,0.01,0,0.0546383180502561,4.937957643719428e-06
1114,포장육 검사,0.01,0,0.0546383180502561,4.937957643719428e-06
1115,전산 ERP 사용가능자,0.01,0,0.0546383180502561,4.937957643719428e-06
1116,안전계획 수립하기,0.01,0,0.0546383180502561,4.937957643719428e-06
1117,원료 입출고관리,0.01,0,0.0546383180502561,4.937957643719428e-06
1118,인증제도 활용ㆍ유지관리하기,0.01,0,0.0546383180502561,4.937957643719428e-06
1119,DEEP LEARNING,0.01,0,0.0546383180502561,4.937957643719428e-06
1120,TEKLA,0.01,0,0.0546383180502561,4.937957643719428e-06
1121,수리후 결제,0.01,0,0.0546383180502561,4.937957643719428e-06
1122,임대기준 책정하기,0.01,0,0.0546383180502561,4.937957643719428e-06
1123,생산조건관리,0.01,0,0.0546383180502561,4.937957643719428e-06
1124,임상문헌 분석 연구,0.01,0,0.0546383180502561,4.937957643719428e-06
1125,외국어 통역,0.01,0,0.0546383180502561,4.937957643719428e-06
1126,유니티 엔진,0.01,0,0.0546383180502561,4.937957643719428e-06
1127,레이저 제어,0.01,0,0.0546383180502561,4.937957643719428e-06
1128,사다리 작업,0.01,0,0.0546383180502561,4.937957643719428e-06
1129,SNS 컨텐츠 기획,0.01,0,0.0546383180502561,4.937957643719428e-06
1130,농장 계사,0.01,0,0.0546383180502561,4.937957643719428e-06
1131,CREATIVE DIRECTOR,0.01,0,0.0546383180502561,4.937957643719428e-06
1132,비지니스 영어,0.01,0,0.0546383180502561,4.937957643719428e-06
1133,가스관리자,0.01,0,0.0546383180502561,4.937957643719428e-06
1134,구매 자재 관리 업무 경험자,0.01,0,0.0546383180502561,4.937957643719428e-06
1135,건축공사 시공,0.01,0,0.0546383180502561,4.937957643719428e-06
1136,회의종료 후 업무,0.01,0,0.0546383180502561,4.937957643719428e-06
1137,회계프로그램 사용경험자,0.01,0,0.0546383180502561,4.937957643719428e-06
1138,협회 사무 업무,0.01,0,0.0546383180502561,4.937957643719428e-06
1139,빅데이터 플랫폼 기능 테스트,0.01,0,0.0546383180502561,4.937957643719428e-06
1140,예산 편성,0.01,0,0.0546383180502561,4.937957643719428e-06
1141,광고툴 사용 경험보유,0.01,0,0.0546383180502561,4.937957643719428e-06
1142,고객만족 교육,0.01,0,0.0546383180502561,4.937957643719428e-06
1143,경영진에게 업무 보고,0.01,0,0.0546383180502561,4.937957643719428e-06
1144,피플 세이프티 정책 준수,0.01,0,0.0546383180502561,4.937957643719428e-06
1145,스마트 저축은행 관련 이용문의 안내,0.01,0,0.0546383180502561,4.937957643719428e-06
1146,CCP 유효성평가,0.01,0,0.0546383180502561,4.937957643719428e-06
1147,전기안전관리자선임,0.01,0,0.0546383180502561,4.937957643719428e-06
1148,요청 정보 제공하기,0.01,0,0.0546383180502561,4.937957643719428e-06
1149,마이크로소프트 워드,0.01,0,0.0546383180502561,4.937957643719428e-06
1150,분양상품 공급 분석하기,0.01,0,0.0546383180502561,4.937957643719428e-06
1151,적정인력관리,0.01,0,0.0546383180502561,4.937957643719428e-06
1152,국내법인관리,0.01,0,0.0546383180502561,4.937957643719428e-06
1153,가설건축물관련 설계유경험자,0.01,0,0.0546383180502561,4.937957643719428e-06
1154,사무실 시설관리,0.01,0,0.0546383180502561,4.937957643719428e-06
1155,더존 프로그램 사용 전표처리,0.01,0,0.0546383180502561,4.937957643719428e-06
1156,빅데이터 서비스 변경 관리하기,0.01,0,0.0546383180502561,4.937957643719428e-06
1157,물리적 환경분석하기,0.01,0,0.0546383180502561,4.937957643719428e-06
1158,무역서류 발송,0.01,0,0.0546383180502561,4.937957643719428e-06
1159,DOCUMENTS 관리,0.01,0,0.0546383180502561,4.937957643719428e-06
1160,무역관련 자격증 소지자,0.01,0,0.0546383180502561,4.937957643719428e-06
1161,내부거래위원회 운영,0.01,0,0.0546383180502561,4.937957643719428e-06
1162,사업별 경영계획 조정하기,0.01,0,0.0546383180502561,4.937957643719428e-06
1163,인적자원 기획하기,0.01,0,0.0546383180502561,4.937957643719428e-06
1164,요양보호사 채용,0.01,0,0.0546383180502561,4.937957643719428e-06
1165,공조 기술,0.01,0,0.0546383180502561,4.937957643719428e-06
1166,IT 컨설팅,0.01,0,0.0546383180502561,4.937957643719428e-06
1167,경영진 일정 조율,0.01,0,0.0546383180502561,4.937957643719428e-06
1168,행사 진행,0.01,0,0.0546383180502561,4.937957643719428e-06
1169,총무 업무 경력자,0.01,0,0.0546383180502561,4.937957643719428e-06
1170,주문전화관리,0.01,0,0.0546383180502561,4.937957643719428e-06
1171,요구사항 검증하기,0.01,0,0.0546383180502561,4.937957643719428e-06
1172,호텔 구매 담당,0.01,0,0.0546383180502561,4.937957643719428e-06
1173,관제실 보안,0.01,0,0.0546383180502561,4.937957643719428e-06
1174,비즈니스 E-MAIL 영어 읽기,0.01,0,0.0546383180502561,4.937957643719428e-06
1175,식품제조공장 원부자재 구매 경력,0.01,0,0.0546383180502561,4.937957643719428e-06
1176,회사내규관리,0.01,0,0.0546383180502561,4.937957643719428e-06
1177,자동차 부품 업체 경력,0.01,0,0.0546383180502561,4.937957643719428e-06
1178,ONNX,0.01,0,0.0546383180502561,4.937957643719428e-06
1179,가동 가능,0.01,0,0.0546383180502561,4.937957643719428e-06
1180,원천징수이행상황신고,0.01,0,0.0546383180502561,4.937957643719428e-06
1181,필리핀 언어를 할 수 있는 한국인,0.01,0,0.0546383180502561,4.937957643719428e-06
1182,자재 출고 관리하기,0.01,0,0.0546383180502561,4.937957643719428e-06
1183,자사 통신장비 구축,0.01,0,0.0546383180502561,4.937957643719428e-06
1184,OCPP 1.6,0.01,0,0.0546383180502561,4.937957643719428e-06
1185,지역사회 사회복지를 위한 전문 지식,0.01,0,0.0546383180502561,4.937957643719428e-06
1186,커피 제조,0.01,0,0.0546383180502561,4.937957643719428e-06
1187,해외로부터 물품확보하기,0.01,0,0.0546383180502561,4.937957643719428e-06
1188,온라인 프로모션 등록,0.01,0,0.0546383180502561,4.937957643719428e-06
1189,화학 제품 자재 구매 사무원,0.01,0,0.0546383180502561,4.937957643719428e-06
1190,수산물 유경험자,0.01,0,0.0546383180502561,4.937957643719428e-06
1191,방서 점검,0.01,0,0.0546383180502561,4.937957643719428e-06
1192,위생법규,0.01,0,0.0546383180502561,4.937957643719428e-06
1193,자문 위원 매칭,0.01,0,0.0546383180502561,4.937957643719428e-06
1194,기성 청구하기,0.01,0,0.0546383180502561,4.937957643719428e-06
1195,운송 ORDER 접수,0.01,0,0.0546383180502561,4.937957643719428e-06
1196,온라인 바이럴 마케팅,0.01,0,0.0546383180502561,4.937957643719428e-06
1197,뉴스페이스 리더 양성 교육체계 수립,0.01,0,0.0546383180502561,4.937957643719428e-06
1198,DBMS 기초 기술지원,0.01,0,0.0546383180502561,4.937957643719428e-06
1199,남자 샤워실,0.01,0,0.0546383180502561,4.937957643719428e-06
1200,수입관련업무,0.01,0,0.0546383180502561,4.937957643719428e-06
1201,아트웍,0.01,0,0.0546383180502561,4.937957643719428e-06
1202,내방객 방문 후 업무하기,0.01,0,0.0546383180502561,4.937957643719428e-06
1203,정보시스템 분석,0.01,0,0.0546383180502561,4.937957643719428e-06
1204,안전관리경력자,0.01,0,0.0546383180502561,4.937957643719428e-06
1205,반응형 디자인,0.01,0,0.0546383180502561,4.937957643719428e-06
1206,고객정보 등록하기,0.01,0,0.0546383180502561,4.937957643719428e-06
1207,진취적인 마인드를 통한 능동적 업무가 가능한 분,0.01,0,0.0546383180502561,4.937957643719428e-06
1208,영상 컨텐츠 제작 가능,0.01,0,0.0546383180502561,4.937957643719428e-06
1209,물량 내역 일정 검토하기,0.01,0,0.0546383180502561,4.937957643719428e-06
1210,사건 처리,0.01,0,0.0546383180502561,4.937957643719428e-06
1211,이사회 운영,0.01,0,0.0546383180502561,4.937957643719428e-06
1212,재무팀 업무,0.01,0,0.0546383180502561,4.937957643719428e-06
1213,L 발행,0.01,0,0.0546383180502561,4.937957643719428e-06
1214,경조사 관련 업무하기,0.01,0,0.0546383180502561,4.937957643719428e-06
1215,인테리어 자재 매장 관리,0.01,0,0.0546383180502561,4.937957643719428e-06
1216,식자재 ERP 프로그램,0.01,0,0.0546383180502561,4.937957643719428e-06
1217,개발경력 3년이상,0.01,0,0.0546383180502561,4.937957643719428e-06
1218,공정제품 품질관리,0.01,0,0.0546383180502561,4.937957643719428e-06
1219,APPLICATION,0.01,0,0.0546383180502561,4.937957643719428e-06
1220,자금조달,0.01,0,0.0546383180502561,4.937957643719428e-06
1221,현장조회,0.01,0,0.0546383180502561,4.937957643719428e-06
1222,CONFLUENCE,0.01,0,0.0546383180502561,4.937957643719428e-06
1223,음성 인식,0.01,0,0.0546383180502561,4.937957643719428e-06
1224,업체평가하기,0.01,0,0.0546383180502561,4.937957643719428e-06
1225,팩킹리스트 작성,0.01,0,0.0546383180502561,4.937957643719428e-06
1226,프레스 기계 수리,0.01,0,0.0546383180502561,4.937957643719428e-06
1227,POS 관리,0.01,0,0.0546383180502561,4.937957643719428e-06
1228,국비행정,0.01,0,0.0546383180502561,4.937957643719428e-06
1229,건설현장 작업,0.01,0,0.0546383180502561,4.937957643719428e-06
1230,DOCKER,0.01,0,0.0546383180502561,4.937957643719428e-06
1231,노임검토,0.01,0,0.0546383180502561,4.937957643719428e-06
1232,HIVE센터 업무전담,0.01,0,0.0546383180502561,4.937957643719428e-06
1233,유압프레스 제작,0.01,0,0.0546383180502561,4.937957643719428e-06
1234,도시재생 주민 조직,0.01,0,0.0546383180502561,4.937957643719428e-06
1235,법정임금 준수,0.01,0,0.0546383180502561,4.937957643719428e-06
1236,물품구매하기,0.01,0,0.0546383180502561,4.937957643719428e-06
1237,현장연출,0.01,0,0.0546383180502561,4.937957643719428e-06
1238,이수자 평가,0.01,0,0.0546383180502561,4.937957643719428e-06
1239,중국 구매,0.01,0,0.0546383180502561,4.937957643719428e-06
1240,법정직무교육,0.01,0,0.0546383180502561,4.937957643719428e-06
1241,클레임접수,0.01,0,0.0546383180502561,4.937957643719428e-06
1242,인사 운영 업무,0.01,0,0.0546383180502561,4.937957643719428e-06
1243,공연 제작예산 관리하기,0.01,0,0.0546383180502561,4.937957643719428e-06
1244,프로젝트 승인서류 제작,0.01,0,0.0546383180502561,4.937957643719428e-06
1245,수출입운송 계약하기,0.01,0,0.0546383180502561,4.937957643719428e-06
1246,채용계획 수립하기,0.01,0,0.0546383180502561,4.937957643719428e-06
1247,각 라인 직원관리,0.01,0,0.0546383180502561,4.937957643719428e-06
1248,외근 업무 수행,0.01,0,0.0546383180502561,4.937957643719428e-06
1249,운영 서버 연동,0.01,0,0.0546383180502561,4.937957643719428e-06
1250,제품평가 결과 파악,0.01,0,0.0546383180502561,4.937957643719428e-06
1251,인쇄 제작관리,0.01,0,0.0546383180502561,4.937957643719428e-06
1252,홈페이지 등으로 주문을 하면 주문서를 발주하는 것,0.01,0,0.0546383180502561,4.937957643719428e-06
1253,FRONT-END 개발,0.01,0,0.0546383180502561,4.937957643719428e-06
1254,통합배선 적용,0.01,0,0.0546383180502561,4.937957643719428e-06
1255,기구물 설계하기,0.01,0,0.0546383180502561,4.937957643719428e-06
1256,일을 배우면서 할 수 있음,0.01,0,0.0546383180502561,4.937957643719428e-06
1257,민간 토지 보상 상담 협의,0.01,0,0.0546383180502561,4.937957643719428e-06
1258,트랜드 리서치,0.01,0,0.0546383180502561,4.937957643719428e-06
1259,안양대학교 홈페이지 공지사항 참고,0.01,0,0.0546383180502561,4.937957643719428e-06
1260,사회복지분야 실무,0.01,0,0.0546383180502561,4.937957643719428e-06
1261,앱 서비스 마케팅,0.01,0,0.0546383180502561,4.937957643719428e-06
1262,보세창고 업무,0.01,0,0.0546383180502561,4.937957643719428e-06
1263,모바일 서비스 기획,0.01,0,0.0546383180502561,4.937957643719428e-06
1264,GIT,0.01,0,0.0546383180502561,4.937957643719428e-06
1265,미디어 채널 네트워크 관리,0.01,0,0.0546383180502561,4.937957643719428e-06
1266,내방자 상담,0.01,0,0.0546383180502561,4.937957643719428e-06
1267,물류영업 관련 법률 숙지,0.01,0,0.0546383180502561,4.937957643719428e-06
1268,성능인증신청,0.01,0,0.0546383180502561,4.937957643719428e-06
1269,직원근태관리,0.01,0,0.0546383180502561,4.937957643719428e-06
1270,광전송장비,0.01,0,0.0546383180502561,4.937957643719428e-06
1271,홍보 계획 수립,0.01,0,0.0546383180502561,4.937957643719428e-06
1272,인발 기계 조작 관리,0.01,0,0.0546383180502561,4.937957643719428e-06
1273,우레탄성형,0.01,0,0.0546383180502561,4.937957643719428e-06
1274,근퇴관리,0.01,0,0.0546383180502561,4.937957643719428e-06
1275,과실류의 생산,0.01,0,0.0546383180502561,4.937957643719428e-06
1276,이벤트 운영매뉴얼 작성하기,0.01,0,0.0546383180502561,4.937957643719428e-06
1277,모듈 구현하기,0.01,0,0.0546383180502561,4.937957643719428e-06
1278,가마 구움,0.01,0,0.0546383180502561,4.937957643719428e-06
1279,출입신청,0.01,0,0.0546383180502561,4.937957643719428e-06
1280,설계도면 검토,0.01,0,0.0546383180502561,4.937957643719428e-06
1281,품질관리계획 수립하기,0.01,0,0.0546383180502561,4.937957643719428e-06
1282,스포츠시설 홍보,0.01,0,0.0546383180502561,4.937957643719428e-06
1283,해외 전자상거래 화물에대한,0.01,0,0.0546383180502561,4.937957643719428e-06
1284,송품 처리,0.01,0,0.0546383180502561,4.937957643719428e-06
1285,소프트웨어 제작하기,0.01,0,0.0546383180502561,4.937957643719428e-06
1286,모바일 앱 구축,0.01,0,0.0546383180502561,4.937957643719428e-06
1287,수출 상담,0.01,0,0.0546383180502561,4.937957643719428e-06
1288,사회복지기관 경력,0.01,0,0.0546383180502561,4.937957643719428e-06
1289,화장품 ODM,0.01,0,0.0546383180502561,4.937957643719428e-06
1290,전기산업기사이상 우대,0.01,0,0.0546383180502561,4.937957643719428e-06
1291,서빙찬 준비,0.01,0,0.0546383180502561,4.937957643719428e-06
1292,사무환경 관리하기,0.01,0,0.0546383180502561,4.937957643719428e-06
1293,사용자 모션커맨드 활용,0.01,0,0.0546383180502561,4.937957643719428e-06
1294,문화 행사 기획,0.01,0,0.0546383180502561,4.937957643719428e-06
1295,건설관련 조경기술자,0.01,0,0.0546383180502561,4.937957643719428e-06
1296,작업 레시피 제작,0.01,0,0.0546383180502561,4.937957643719428e-06
1297,유선선로설비 적용,0.01,0,0.0546383180502561,4.937957643719428e-06
1298,컨벤션 관리,0.01,0,0.0546383180502561,4.937957643719428e-06
1299,ANGULAR,0.01,0,0.0546383180502561,4.937957643719428e-06
1300,객실 주임경력,0.01,0,0.0546383180502561,4.937957643719428e-06
1301,생산비용 산출하기,0.01,0,0.0546383180502561,4.937957643719428e-06
1302,세금계산서 발챙,0.01,0,0.0546383180502561,4.937957643719428e-06
1303,해외 영업 관리,0.01,0,0.0546383180502561,4.937957643719428e-06
1304,설계 변경하기,0.01,0,0.0546383180502561,4.937957643719428e-06
1305,자재 싣고가는 업무,0.01,0,0.0546383180502561,4.937957643719428e-06
1306,적재율 관리,0.01,0,0.0546383180502561,4.937957643719428e-06
1307,기관운영관리,0.01,0,0.0546383180502561,4.937957643719428e-06
1308,직능통합 CEO클럽 운영,0.01,0,0.0546383180502561,4.937957643719428e-06
1309,이용료 수납 관리,0.01,0,0.0546383180502561,4.937957643719428e-06
1310,실습업무,0.01,0,0.0546383180502561,4.937957643719428e-06
1311,학사시스템 데이터 처리 관리,0.01,0,0.0546383180502561,4.937957643719428e-06
1312,고객 설득하기,0.01,0,0.0546383180502561,4.937957643719428e-06
1313,부가세 신고 업무지원,0.01,0,0.0546383180502561,4.937957643719428e-06
1314,입.퇴실관리,0.01,0,0.0546383180502561,4.937957643719428e-06
1315,현장별 자재 출고,0.01,0,0.0546383180502561,4.937957643719428e-06
1316,온라인 쇼핑몰 상세페이지 관리,0.01,0,0.0546383180502561,4.937957643719428e-06
1317,외부 회계감사,0.01,0,0.0546383180502561,4.937957643719428e-06
1318,테스트 자동화 도구,0.01,0,0.0546383180502561,4.937957643719428e-06
1319,코일 가공,0.01,0,0.0546383180502561,4.937957643719428e-06
1320,산학연 협의체 운영,0.01,0,0.0546383180502561,4.937957643719428e-06
1321,보안관리하기,0.01,0,0.0546383180502561,4.937957643719428e-06
1322,핀테크 서비스 개발,0.01,0,0.0546383180502561,4.937957643719428e-06
1323,이화학 기계,0.01,0,0.0546383180502561,4.937957643719428e-06
1324,공연 제작인원,0.01,0,0.0546383180502561,4.937957643719428e-06
1325,SNS마케팅 관리,0.01,0,0.0546383180502561,4.937957643719428e-06
1326,납품납입관리,0.01,0,0.0546383180502561,4.937957643719428e-06
1327,제조업 생산관리 경험자,0.01,0,0.0546383180502561,4.937957643719428e-06
1328,SPRING MVC,0.01,0,0.0546383180502561,4.937957643719428e-06
1329,위생법 자문,0.01,0,0.0546383180502561,4.937957643719428e-06
1330,이해와 능력,0.01,0,0.0546383180502561,4.937957643719428e-06
1331,고객유지전략 수립,0.01,0,0.0546383180502561,4.937957643719428e-06
1332,주변장치 연동,0.01,0,0.0546383180502561,4.937957643719428e-06
1333,안테나 개발 시험,0.01,0,0.0546383180502561,4.937957643719428e-06
1334,법규 준수,0.01,0,0.0546383180502561,4.937957643719428e-06
1335,영어 이메일 관리,0.01,0,0.0546383180502561,4.937957643719428e-06
1336,손님 대응,0.01,0,0.0546383180502561,4.937957643719428e-06
1337,유사근무 경험,0.01,0,0.0546383180502561,4.937957643719428e-06
1338,가구 인테리어 현장 담당,0.01,0,0.0546383180502561,4.937957643719428e-06
1339,법률자문,0.01,0,0.0546383180502561,4.937957643719428e-06
1340,1톤차량운전가능자,0.01,0,0.0546383180502561,4.937957643719428e-06
1341,업체발굴,0.01,0,0.0546383180502561,4.937957643719428e-06
1342,시계열 DB,0.01,0,0.0546383180502561,4.937957643719428e-06
1343,제안서작성,0.01,0,0.0546383180502561,4.937957643719428e-06
1344,수입환경 조사,0.01,0,0.0546383180502561,4.937957643719428e-06
1345,하도급업체관리,0.01,0,0.0546383180502561,4.937957643719428e-06
1346,총무 행정,0.01,0,0.0546383180502561,4.937957643719428e-06
1347,DB 구조화에 대한 높은 이해력,0.01,0,0.0546383180502561,4.937957643719428e-06
1348,중국 관련 비자 대행,0.01,0,0.0546383180502561,4.937957643719428e-06
1349,회계처리 진단,0.01,0,0.0546383180502561,4.937957643719428e-06
1350,교육 효과성 분석,0.01,0,0.0546383180502561,4.937957643719428e-06
1351,은행신행자료,0.01,0,0.0546383180502561,4.937957643719428e-06
1352,자재 납품 운전,0.01,0,0.0546383180502561,4.937957643719428e-06
1353,관세 등 제세 납부하기,0.01,0,0.0546383180502561,4.937957643719428e-06
1354,외항선박의 입출항 수속 대행,0.01,0,0.0546383180502561,4.937957643719428e-06
1355,시설 행정,0.01,0,0.0546383180502561,4.937957643719428e-06
1356,안드로이드 AOSP JAVA,0.01,0,0.0546383180502561,4.937957643719428e-06
1357,더존WEHAGO프로그램 사용,0.01,0,0.0546383180502561,4.937957643719428e-06
1358,1톤포터차량 운전,0.01,0,0.0546383180502561,4.937957643719428e-06
1359,사업PM,0.01,0,0.0546383180502561,4.937957643719428e-06
1360,ELECTRIC HEAT TRACING,0.01,0,0.0546383180502561,4.937957643719428e-06
1361,대외평가,0.01,0,0.0546383180502561,4.937957643719428e-06
1362,해외대리점 관리,0.01,0,0.0546383180502561,4.937957643719428e-06
1363,장비 경험자,0.01,0,0.0546383180502561,4.937957643719428e-06
1364,회의 홍보매체 활용계획 수립하기,0.01,0,0.0546383180502561,4.937957643719428e-06
1365,인프라 운영,0.01,0,0.0546383180502561,4.937957643719428e-06
1366,로깅 파이프라인과 모니터링 시스템 구축,0.01,0,0.0546383180502561,4.937957643719428e-06
1367,청소업무,0.01,0,0.0546383180502561,4.937957643719428e-06
1368,HRD-NET 행정지원시스템운용,0.01,0,0.0546383180502561,4.937957643719428e-06
1369,스마트팩토리구축,0.01,0,0.0546383180502561,4.937957643719428e-06
1370,관리비 단가,0.01,0,0.0546383180502561,4.937957643719428e-06
1371,백업시스템 운영관리,0.01,0,0.0546383180502561,4.937957643719428e-06
1372,인력양성,0.01,0,0.0546383180502561,4.937957643719428e-06
1373,신규개발 제품회로설계,0.01,0,0.0546383180502561,4.937957643719428e-06
1374,경영진 전화 연결하기,0.01,0,0.0546383180502561,4.937957643719428e-06
1375,해외발송,0.01,0,0.0546383180502561,4.937957643719428e-06
1376,투입부,0.01,0,0.0546383180502561,4.937957643719428e-06
1377,산학융합R,0.01,0,0.0546383180502561,4.937957643719428e-06
1378,생화학,0.01,0,0.0546383180502561,4.937957643719428e-06
1379,자동차 부품 흡음제 생산,0.01,0,0.0546383180502561,4.937957643719428e-06
1380,경쟁분석,0.01,0,0.0546383180502561,4.937957643719428e-06
1381,작업지도표,0.01,0,0.0546383180502561,4.937957643719428e-06
1382,상품 시장 분석,0.01,0,0.0546383180502561,4.937957643719428e-06
1383,기존 제품 개선,0.01,0,0.0546383180502561,4.937957643719428e-06
1384,예약고객 안내,0.01,0,0.0546383180502561,4.937957643719428e-06
1385,INFRA,0.01,0,0.0546383180502561,4.937957643719428e-06
1386,선적체크,0.01,0,0.0546383180502561,4.937957643719428e-06
1387,자동차운전면허 1종보통,0.01,0,0.0546383180502561,4.937957643719428e-06
1388,메분,0.01,0,0.0546383180502561,4.937957643719428e-06
1389,고객 의전 수행,0.01,0,0.0546383180502561,4.937957643719428e-06
1390,센터 사업 추진,0.01,0,0.0546383180502561,4.937957643719428e-06
1391,전자기기 능숙도,0.01,0,0.0546383180502561,4.937957643719428e-06
1392,서류 정리 유지관리,0.01,0,0.0546383180502561,4.937957643719428e-06
1393,아파트 특판가구,0.01,0,0.0546383180502561,4.937957643719428e-06
1394,예약 현황 확인하기,0.01,0,0.0546383180502561,4.937957643719428e-06
1395,빅데이터 플랫폼 비기능 테스트,0.01,0,0.0546383180502561,4.937957643719428e-06
1396,정기점검,0.01,0,0.0546383180502561,4.937957643719428e-06
1397,잔산관리,0.01,0,0.0546383180502561,4.937957643719428e-06
1398,러시아어,0.01,0,0.0546383180502561,4.937957643719428e-06
1399,자동차보험 실장 경력자 우대,0.01,0,0.0546383180502561,4.937957643719428e-06
1400,MLOPS,0.01,0,0.0546383180502561,4.937957643719428e-06
1401,유무료 직업소개,0.01,0,0.0546383180502561,4.937957643719428e-06
1402,수출 반출입 전송,0.01,0,0.0546383180502561,4.937957643719428e-06
1403,세심한 가공,0.01,0,0.0546383180502561,4.937957643719428e-06
1404,판넬 내부 전기,0.01,0,0.0546383180502561,4.937957643719428e-06
1405,상수도공사업,0.01,0,0.0546383180502561,4.937957643719428e-06
1406,제안시기획지원,0.01,0,0.0546383180502561,4.937957643719428e-06
1407,MFC UI 프로그램 개발,0.01,0,0.0546383180502561,4.937957643719428e-06
1408,물자관리,0.01,0,0.0546383180502561,4.937957643719428e-06
1409,컴퓨터 시스템 개발,0.01,0,0.0546383180502561,4.937957643719428e-06
1410,기술교육 진행지원,0.01,0,0.0546383180502561,4.937957643719428e-06
1411,인력운영계획 수립하기,0.01,0,0.0546383180502561,4.937957643719428e-06
1412,추가 사용 내역 확인하기,0.01,0,0.0546383180502561,4.937957643719428e-06
1413,내방객 응대 준비하기,0.01,0,0.0546383180502561,4.937957643719428e-06
1414,공업기계 제작 경력,0.01,0,0.0546383180502561,4.937957643719428e-06
1415,CONFIGURATION MANAGEMENT,0.01,0,0.0546383180502561,4.937957643719428e-06
1416,DJANGO,0.01,0,0.0546383180502561,4.937957643719428e-06
1417,일반행정 업무 경력자,0.01,0,0.0546383180502561,4.937957643719428e-06
1418,식량작물공동경영체 사업 교육,0.01,0,0.0546383180502561,4.937957643719428e-06
1419,부품교체,0.01,0,0.0546383180502561,4.937957643719428e-06
1420,해외자재 구매,0.01,0,0.0546383180502561,4.937957643719428e-06
1421,광케이블 공사,0.01,0,0.0546383180502561,4.937957643719428e-06
1422,1톤 트럭 배송납품,0.01,0,0.0546383180502561,4.937957643719428e-06
1423,부자재투입,0.01,0,0.0546383180502561,4.937957643719428e-06
1424,SNS콘텐츠 기획,0.01,0,0.0546383180502561,4.937957643719428e-06
1425,LEADERSHIP,0.01,0,0.0546383180502561,4.937957643719428e-06
1426,캐릭터 상품 광고매체 선정,0.01,0,0.0546383180502561,4.937957643719428e-06
1427,특강 운영,0.01,0,0.0546383180502561,4.937957643719428e-06
1428,추가요금 적용하기,0.01,0,0.0546383180502561,4.937957643719428e-06
1429,평가진행,0.01,0,0.0546383180502561,4.937957643719428e-06
1430,제품 개발 관리,0.01,0,0.0546383180502561,4.937957643719428e-06
1431,생산일지작성,0.01,0,0.0546383180502561,4.937957643719428e-06
1432,생산직원 관리,0.01,0,0.0546383180502561,4.937957643719428e-06
1433,고용지원금 관리,0.01,0,0.0546383180502561,4.937957643719428e-06
1434,관리비 부과업무,0.01,0,0.0546383180502561,4.937957643719428e-06
1435,경영 마인드,0.01,0,0.0546383180502561,4.937957643719428e-06
1436,입출고 확인관리,0.01,0,0.0546383180502561,4.937957643719428e-06
1437,가스배관 시공관리자,0.01,0,0.0546383180502561,4.937957643719428e-06
1438,금속제품 포장,0.01,0,0.0546383180502561,4.937957643719428e-06
1439,전력변환 장치 통신 제어,0.01,0,0.0546383180502561,4.937957643719428e-06
1440,모터 컨트롤러,0.01,0,0.0546383180502561,4.937957643719428e-06
1441,회계 사무보조,0.01,0,0.0546383180502561,4.937957643719428e-06
1442,연관 업체 조사하기,0.01,0,0.0546383180502561,4.937957643719428e-06
1443,구축 도면 작성,0.01,0,0.0546383180502561,4.937957643719428e-06
1444,대용량 트래픽 처리,0.01,0,0.0546383180502561,4.937957643719428e-06
1445,재활학 전공,0.01,0,0.0546383180502561,4.937957643719428e-06
1446,노무법인 서류 전달,0.01,0,0.0546383180502561,4.937957643719428e-06
1447,법리검토,0.01,0,0.0546383180502561,4.937957643719428e-06
1448,CSTS 소지자,0.01,0,0.0546383180502561,4.937957643719428e-06
1449,회계처리 능력,0.01,0,0.0546383180502561,4.937957643719428e-06
1450,포장라인-PO체크,0.01,0,0.0546383180502561,4.937957643719428e-06
1451,일반 매입매출관리,0.01,0,0.0546383180502561,4.937957643719428e-06
1452,시험분야,0.01,0,0.0546383180502561,4.937957643719428e-06
1453,문서 제출,0.01,0,0.0546383180502561,4.937957643719428e-06
1454,MS오피스 능력 상급자,0.01,0,0.0546383180502561,4.937957643719428e-06
1455,서비스직 경험자,0.01,0,0.0546383180502561,4.937957643719428e-06
1456,고객측 품질 관련 질의 응대,0.01,0,0.0546383180502561,4.937957643719428e-06
1457,임베디드 시스템,0.01,0,0.0546383180502561,4.937957643719428e-06
1458,데브옵스,0.01,0,0.0546383180502561,4.937957643719428e-06
1459,협회 수료보고,0.01,0,0.0546383180502561,4.937957643719428e-06
1460,대형 복합건물 개발 경험,0.01,0,0.0546383180502561,4.937957643719428e-06
1461,합형,0.01,0,0.0546383180502561,4.937957643719428e-06
1462,마트 청과물 코너 근무,0.01,0,0.0546383180502561,4.937957643719428e-06
1463,기업훈련지원,0.01,0,0.0546383180502561,4.937957643719428e-06
1464,영어 문서 작성,0.01,0,0.0546383180502561,4.937957643719428e-06
1465,일정관리업무,0.01,0,0.0546383180502561,4.937957643719428e-06
1466,영상 기반 야생동물 인식,0.01,0,0.0546383180502561,4.937957643719428e-06
1467,기타 공무,0.01,0,0.0546383180502561,4.937957643719428e-06
1468,가스안전공사 전문교육 이수,0.01,0,0.0546383180502561,4.937957643719428e-06
1469,생산실적 관리하기,0.01,0,0.0546383180502561,4.937957643719428e-06
1470,정보보안기사,0.01,0,0.0546383180502561,4.937957643719428e-06
1471,줄잡이,0.01,0,0.0546383180502561,4.937957643719428e-06
1472,업무관련 행정서류 작성,0.01,0,0.0546383180502561,4.937957643719428e-06
1473,UNREAL 지식,0.01,0,0.0546383180502561,4.937957643719428e-06
1474,원활한 협업 경험,0.01,0,0.0546383180502561,4.937957643719428e-06
1475,사규 제,0.01,0,0.0546383180502561,4.937957643719428e-06
1476,고객 내장등록,0.01,0,0.0546383180502561,4.937957643719428e-06
1477,기술전략 기획,0.01,0,0.0546383180502561,4.937957643719428e-06
1478,POSTING하기,0.01,0,0.0546383180502561,4.937957643719428e-06
1479,3.5톤 냉동탑차운전,0.01,0,0.0546383180502561,4.937957643719428e-06
1480,공급자 납기 일정 관리,0.01,0,0.0546383180502561,4.937957643719428e-06
1481,버그 핫픽스,0.01,0,0.0546383180502561,4.937957643719428e-06
1482,인터넷 쇼핑몰 주문,0.01,0,0.0546383180502561,4.937957643719428e-06
1483,운송서류 구분하기,0.01,0,0.0546383180502561,4.937957643719428e-06
1484,수지분석,0.01,0,0.0546383180502561,4.937957643719428e-06
1485,문화기관 경영 기획,0.01,0,0.0546383180502561,4.937957643719428e-06
1486,브랜드 마케팅 전략 수립,0.01,0,0.0546383180502561,4.937957643719428e-06
1487,협력 업체 대응,0.01,0,0.0546383180502561,4.937957643719428e-06
1488,광고주관리,0.01,0,0.0546383180502561,4.937957643719428e-06
1489,EMR프로그램 설치,0.01,0,0.0546383180502561,4.937957643719428e-06
1490,연결정산표 작성하기,0.01,0,0.0546383180502561,4.937957643719428e-06
1491,LCL,0.01,0,0.0546383180502561,4.937957643719428e-06
1492,해상 특송,0.01,0,0.0546383180502561,4.937957643719428e-06
1493,SCRUBBER INSTALLATION SUPERVISION,0.01,0,0.0546383180502561,4.937957643719428e-06
1494,지급내용 품의,0.01,0,0.0546383180502561,4.937957643719428e-06
1495,JIRA,0.01,0,0.0546383180502561,4.937957643719428e-06
1496,솔루션 메뉴얼 작성,0.01,0,0.0546383180502561,4.937957643719428e-06
1497,터미널 운영,0.01,0,0.0546383180502561,4.937957643719428e-06
1498,작업지시서 배포,0.01,0,0.0546383180502561,4.937957643719428e-06
1499,현금경비 관리,0.01,0,0.0546383180502561,4.937957643719428e-06
1500,임대면적계획 수립하기,0.01,0,0.0546383180502561,4.937957643719428e-06
1501,퇴사자 사대보험 신고관리,0.01,0,0.0546383180502561,4.937957643719428e-06
1502,메일 답변,0.01,0,0.0546383180502561,4.937957643719428e-06
1503,현장 설비 관리,0.01,0,0.0546383180502561,4.937957643719428e-06
1504,세탁실 관리,0.01,0,0.0546383180502561,4.937957643719428e-06
1505,보안감사 대응,0.01,0,0.0546383180502561,4.937957643719428e-06
1506,MSSQL,0.01,0,0.0546383180502561,4.937957643719428e-06
1507,관련회사 근무 경력,0.01,0,0.0546383180502561,4.937957643719428e-06
1508,CAD작업자,0.01,0,0.0546383180502561,4.937957643719428e-06
1509,영상 전송,0.01,0,0.0546383180502561,4.937957643719428e-06
1510,장애 대응,0.01,0,0.0546383180502561,4.937957643719428e-06
1511,W 관련 지식,0.01,0,0.0546383180502561,4.937957643719428e-06
1512,프론트엔드 기술,0.01,0,0.0546383180502561,4.937957643719428e-06
1513,검사 기준서 작성,0.01,0,0.0546383180502561,4.937957643719428e-06
1514,커리어 성장 프로그램,0.01,0,0.0546383180502561,4.937957643719428e-06
1515,D 수행경험,0.01,0,0.0546383180502561,4.937957643719428e-06
1516,보상 업무 보조,0.01,0,0.0546383180502561,4.937957643719428e-06
1517,수출통관 준비하기,0.01,0,0.0546383180502561,4.937957643719428e-06
1518,제안 사업,0.01,0,0.0546383180502561,4.937957643719428e-06
1519,SPRINGBOOT,0.01,0,0.0546383180502561,4.937957643719428e-06
1520,예약 대행하기,0.01,0,0.0546383180502561,4.937957643719428e-06
1521,발신 업무,0.01,0,0.0546383180502561,4.937957643719428e-06
1522,안전 서류 작성,0.01,0,0.0546383180502561,4.937957643719428e-06
1523,도서관리시스템 유지보수,0.01,0,0.0546383180502561,4.937957643719428e-06
1524,원료 확인,0.01,0,0.0546383180502561,4.937957643719428e-06
1525,설비자재부속,0.01,0,0.0546383180502561,4.937957643719428e-06
1526,안전 관리 시스템 작업 등록,0.01,0,0.0546383180502561,4.937957643719428e-06
1527,세무조사 대응,0.01,0,0.0546383180502561,4.937957643719428e-06
1528,도장검사,0.01,0,0.0546383180502561,4.937957643719428e-06
1529,내부 회계 관리,0.01,0,0.0546383180502561,4.937957643719428e-06
1530,사전조사 실측하기,0.01,0,0.0546383180502561,4.937957643719428e-06
1531,시설복지급,0.01,0,0.0546383180502561,4.937957643719428e-06
1532,LINUX 상에서 실행되는 로봇 데이터 제어 소프트웨어 개발,0.01,0,0.0546383180502561,4.937957643719428e-06
1533,유선 대응,0.01,0,0.0546383180502561,4.937957643719428e-06
1534,선원핸들링,0.01,0,0.0546383180502561,4.937957643719428e-06
1535,화주 관리,0.01,0,0.0546383180502561,4.937957643719428e-06
1536,병목 발견,0.01,0,0.0546383180502561,4.937957643719428e-06
1537,CFPS,0.01,0,0.0546383180502561,4.937957643719428e-06
1538,기성 관리,0.01,0,0.0546383180502561,4.937957643719428e-06
1539,이물재선 관리,0.01,0,0.0546383180502561,4.937957643719428e-06
1540,유무선 인터넷,0.01,0,0.0546383180502561,4.937957643719428e-06
1541,소모품구매,0.01,0,0.0546383180502561,4.937957643719428e-06
1542,WIKI,0.01,0,0.0546383180502561,4.937957643719428e-06
1543,BUDGETING,0.01,0,0.0546383180502561,4.937957643719428e-06
1544,TRUMF 4050 6KW,0.01,0,0.0546383180502561,4.937957643719428e-06
1545,판매계획 수립,0.01,0,0.0546383180502561,4.937957643719428e-06
1546,건축 관련 업무 경험자,0.01,0,0.0546383180502561,4.937957643719428e-06
1547,DB접근제어,0.01,0,0.0546383180502561,4.937957643719428e-06
1548,내부 회계 관리 제도 수립,0.01,0,0.0546383180502561,4.937957643719428e-06
1549,농산물판매,0.01,0,0.0546383180502561,4.937957643719428e-06
1550,관련분야 유경험자,0.01,0,0.0546383180502561,4.937957643719428e-06
1551,수급자관리,0.01,0,0.0546383180502561,4.937957643719428e-06
1552,OPERATING,0.01,0,0.0546383180502561,4.937957643719428e-06
1553,급여 입력,0.01,0,0.0546383180502561,4.937957643719428e-06
1554,미리캔버스,0.01,0,0.0546383180502561,4.937957643719428e-06
1555,제품 재고 파악,0.01,0,0.0546383180502561,4.937957643719428e-06
1556,해외 의류오더 수주관리,0.01,0,0.0546383180502561,4.937957643719428e-06
1557,입주민 입,0.01,0,0.0546383180502561,4.937957643719428e-06
1558,경량조형물,0.01,0,0.0546383180502561,4.937957643719428e-06
1559,OFFICE 활용 능력,0.01,0,0.0546383180502561,4.937957643719428e-06
1560,기관 협조 업무,0.01,0,0.0546383180502561,4.937957643719428e-06
1561,건설회사 유경력자,0.01,0,0.0546383180502561,4.937957643719428e-06
1562,박스 작업,0.01,0,0.0546383180502561,4.937957643719428e-06
1563,프로그램 테스트,0.01,0,0.0546383180502561,4.937957643719428e-06
1564,퇴직보험 관리,0.01,0,0.0546383180502561,4.937957643719428e-06
1565,고객 클레임 상담,0.01,0,0.0546383180502561,4.937957643719428e-06
1566,경비업무,0.01,0,0.0546383180502561,4.937957643719428e-06
1567,제작 검토,0.01,0,0.0546383180502561,4.937957643719428e-06
1568,창고 수배,0.01,0,0.0546383180502561,4.937957643719428e-06
1569,웹방화벽,0.01,0,0.0546383180502561,4.937957643719428e-06
1570,FCC,0.01,0,0.0546383180502561,4.937957643719428e-06
1571,의장 생산관리 업무,0.01,0,0.0546383180502561,4.937957643719428e-06
1572,화장품 용기 사출 품질관리,0.01,0,0.0546383180502561,4.937957643719428e-06
1573,생산현장 인원관리,0.01,0,0.0546383180502561,4.937957643719428e-06
1574,캔디류 생산관리,0.01,0,0.0546383180502561,4.937957643719428e-06
1575,타당성분석,0.01,0,0.0546383180502561,4.937957643719428e-06
1576,협상전략 수립,0.01,0,0.0546383180502561,4.937957643719428e-06
1577,업무 부서장,0.01,0,0.0546383180502561,4.937957643719428e-06
1578,CUSTOMER SUPPORT,0.01,0,0.0546383180502561,4.937957643719428e-06
1579,생산정보 관리하기,0.01,0,0.0546383180502561,4.937957643719428e-06
1580,빅데이터 플랫폼 점검하기,0.01,0,0.0546383180502561,4.937957643719428e-06
1581,웹 접근성,0.01,0,0.0546383180502561,4.937957643719428e-06
1582,바이오제약합성설비,0.01,0,0.0546383180502561,4.937957643719428e-06
1583,PI 작성,0.01,0,0.0546383180502561,4.937957643719428e-06
1584,ERP 구축 개발,0.01,0,0.0546383180502561,4.937957643719428e-06
1585,서비스 수준관리 준비하기,0.01,0,0.0546383180502561,4.937957643719428e-06
1586,설비분야 경험,0.01,0,0.0546383180502561,4.937957643719428e-06
1587,토목 제도,0.01,0,0.0546383180502561,4.937957643719428e-06
1588,해외 EPC 프로젝트 수행 경험,0.01,0,0.0546383180502561,4.937957643719428e-06
1589,과정평가형 자격취득 전반 업무,0.01,0,0.0546383180502561,4.937957643719428e-06
1590,현장 생산 공정 확인,0.01,0,0.0546383180502561,4.937957643719428e-06
1591,대금 결제 관리,0.01,0,0.0546383180502561,4.937957643719428e-06
1592,네트워크 관련 기반 지식,0.01,0,0.0546383180502561,4.937957643719428e-06
1593,JSP,0.01,0,0.0546383180502561,4.937957643719428e-06
1594,IT시스템 변경관리,0.01,0,0.0546383180502561,4.937957643719428e-06
1595,카트 관리,0.01,0,0.0546383180502561,4.937957643719428e-06
1596,포장관리 업무 경험,0.01,0,0.0546383180502561,4.937957643719428e-06
1597,견적서 제출,0.01,0,0.0546383180502561,4.937957643719428e-06
1598,제조 업체 관리,0.01,0,0.0546383180502561,4.937957643719428e-06
1599,보일러자격,0.01,0,0.0546383180502561,4.937957643719428e-06
1600,선원교육,0.01,0,0.0546383180502561,4.937957643719428e-06
1601,노무 지식,0.01,0,0.0546383180502561,4.937957643719428e-06
1602,공정표준화 관리,0.01,0,0.0546383180502561,4.937957643719428e-06
1603,동종업종 경험,0.01,0,0.0546383180502561,4.937957643719428e-06
1604,임대차계약 체결,0.01,0,0.0546383180502561,4.937957643719428e-06
1605,가맹점 신규 오픈 지원,0.01,0,0.0546383180502561,4.937957643719428e-06
1606,하우스내묘목관리,0.01,0,0.0546383180502561,4.937957643719428e-06
1607,각 부서 위생교육,0.01,0,0.0546383180502561,4.937957643719428e-06
1608,매점 관리,0.01,0,0.0546383180502561,4.937957643719428e-06
1609,우수고객 관리하기,0.01,0,0.0546383180502561,4.937957643719428e-06
1610,클라우드 서비스,0.01,0,0.0546383180502561,4.937957643719428e-06
1611,CAD설계,0.01,0,0.0546383180502561,4.937957643719428e-06
1612,외주 반출,0.01,0,0.0546383180502561,4.937957643719428e-06
1613,자재 입고 관리하기,0.01,0,0.0546383180502561,4.937957643719428e-06
1614,제조업경리,0.01,0,0.0546383180502561,4.937957643719428e-06
1615,항공 상담,0.01,0,0.0546383180502561,4.937957643719428e-06
1616,인사 노무 관리,0.01,0,0.0546383180502561,4.937957643719428e-06
1617,가입금 입출납 관리,0.01,0,0.0546383180502561,4.937957643719428e-06
1618,타부서와의 소통 능력,0.01,0,0.0546383180502561,4.937957643719428e-06
1619,특급 필수,0.01,0,0.0546383180502561,4.937957643719428e-06
1620,자재공급 주선,0.01,0,0.0546383180502561,4.937957643719428e-06
1621,도태 스케줄관리,0.01,0,0.0546383180502561,4.937957643719428e-06
1622,호텔 관련 전공자,0.01,0,0.0546383180502561,4.937957643719428e-06
1623,생산문서 작성,0.01,0,0.0546383180502561,4.937957643719428e-06
1624,자가품질검사,0.01,0,0.0546383180502561,4.937957643719428e-06
1625,전자제품 영업,0.01,0,0.0546383180502561,4.937957643719428e-06
1626,농산식품 구매하기,0.01,0,0.0546383180502561,4.937957643719428e-06
1627,방문환기 하기,0.01,0,0.0546383180502561,4.937957643719428e-06
1628,완제품 냉동창고 재고 수불관리,0.01,0,0.0546383180502561,4.937957643719428e-06
1629,휴게소 매장 운영관리,0.01,0,0.0546383180502561,4.937957643719428e-06
1630,C언어,0.01,0,0.0546383180502561,4.937957643719428e-06
1631,물류영업 분석,0.01,0,0.0546383180502561,4.937957643719428e-06
1632,업체개발,0.01,0,0.0546383180502561,4.937957643719428e-06
1633,안전시설 자체개발 사용,0.01,0,0.0546383180502561,4.937957643719428e-06
1634,네이버 스마트스토어,0.01,0,0.0546383180502561,4.937957643719428e-06
1635,IOT,0.01,0,0.0546383180502561,4.937957643719428e-06
1636,자금 기획 관리,0.01,0,0.0546383180502561,4.937957643719428e-06
1637,정보통신 감리,0.01,0,0.0546383180502561,4.937957643719428e-06
1638,스포츠센터 안내데스크 직원,0.01,0,0.0546383180502561,4.937957643719428e-06
1639,항통,0.01,0,0.0546383180502561,4.937957643719428e-06
1640,예약 변경하기,0.01,0,0.0546383180502561,4.937957643719428e-06
1641,경영진 부재 중 응대,0.01,0,0.0546383180502561,4.937957643719428e-06
1642,CAD 도면 이해,0.01,0,0.0546383180502561,4.937957643719428e-06
1643,경영진 일정표 작성,0.01,0,0.0546383180502561,4.937957643719428e-06
1644,브랜드 전략,0.01,0,0.0546383180502561,4.937957643719428e-06
1645,온라인 쇼핑몰 매출 향상 유경험자,0.01,0,0.0546383180502561,4.937957643719428e-06
1646,광고홍보 전문가,0.01,0,0.0546383180502561,4.937957643719428e-06
1647,이벤트 제안서 작성,0.01,0,0.0546383180502561,4.937957643719428e-06
1648,안전관리 계획수립·조정하기,0.01,0,0.0546383180502561,4.937957643719428e-06
1649,설비 수리,0.01,0,0.0546383180502561,4.937957643719428e-06
1650,건물시설관리,0.01,0,0.0546383180502561,4.937957643719428e-06
1651,소프트웨어 개발 관련 전공학사 학위,0.01,0,0.0546383180502561,4.937957643719428e-06
1652,분말 스틱 생산 기계 작동,0.01,0,0.0546383180502561,4.937957643719428e-06
1653,골프장 경기진행,0.01,0,0.0546383180502561,4.937957643719428e-06
1654,시스템 개선 대응,0.01,0,0.0546383180502561,4.937957643719428e-06
1655,출장 중 업무,0.01,0,0.0546383180502561,4.937957643719428e-06
1656,상병관리,0.01,0,0.0546383180502561,4.937957643719428e-06
1657,시설 전기 관리,0.01,0,0.0546383180502561,4.937957643719428e-06
1658,기계설비 유지 관리,0.01,0,0.0546383180502561,4.937957643719428e-06
1659,농산물 선별,0.01,0,0.0546383180502561,4.937957643719428e-06
1660,CAM프로그램,0.01,0,0.0546383180502561,4.937957643719428e-06
1661,파워포인트 디자인,0.01,0,0.0546383180502561,4.937957643719428e-06
1662,해상수입,0.01,0,0.0546383180502561,4.937957643719428e-06
1663,무역 지식,0.01,0,0.0546383180502561,4.937957643719428e-06
1664,경영진 일정 조율하기,0.01,0,0.0546383180502561,4.937957643719428e-06
1665,행정 수행경험자,0.01,0,0.0546383180502561,4.937957643719428e-06
1666,업무개선 협조,0.01,0,0.0546383180502561,4.937957643719428e-06
1667,사진기자재 제품 영업 지원 업무,0.01,0,0.0546383180502561,4.937957643719428e-06
1668,생산실적 분석,0.01,0,0.0546383180502561,4.937957643719428e-06
1669,조사료 전문단지,0.01,0,0.0546383180502561,4.937957643719428e-06
1670,국회의원 의정활동 보좌,0.01,0,0.0546383180502561,4.937957643719428e-06
1671,하도급 관리,0.01,0,0.0546383180502561,4.937957643719428e-06
1672,시공 순서 계획하기,0.01,0,0.0546383180502561,4.937957643719428e-06
1673,AJAX,0.01,0,0.0546383180502561,4.937957643719428e-06
1674,신규 브랜드 상품기획,0.01,0,0.0546383180502561,4.937957643719428e-06
1675,이벤트 제작물 콘,0.01,0,0.0546383180502561,4.937957643719428e-06
1676,식품회사 원,0.01,0,0.0546383180502561,4.937957643719428e-06
1677,전산보안,0.01,0,0.0546383180502561,4.937957643719428e-06
1678,FIGMA,0.01,0,0.0546383180502561,4.937957643719428e-06
1679,생산직원관리,0.01,0,0.0546383180502561,4.937957643719428e-06
1680,택배물량 포장,0.01,0,0.0546383180502561,4.937957643719428e-06
1681,미수채권관리,0.01,0,0.0546383180502561,4.937957643719428e-06
1682,위생관련 문서 작성,0.01,0,0.0546383180502561,4.937957643719428e-06
1683,자사 전산프로그램 활용,0.01,0,0.0546383180502561,4.937957643719428e-06
1684,해외수출 무역 업무,0.01,0,0.0546383180502561,4.937957643719428e-06
1685,렌텍,0.01,0,0.0546383180502561,4.937957643719428e-06
1686,화장품 쇼핑몰 관리,0.01,0,0.0546383180502561,4.937957643719428e-06
1687,식품위생관련 사무업무,0.01,0,0.0546383180502561,4.937957643719428e-06
1688,미생물실험 가능자,0.01,0,0.0546383180502561,4.937957643719428e-06
1689,시설관리 운영,0.01,0,0.0546383180502561,4.937957643719428e-06
1690,수출자재관리,0.01,0,0.0546383180502561,4.937957643719428e-06
1691,RCMS 사용,0.01,0,0.0546383180502561,4.937957643719428e-06
1692,판매 기본 정보 교육하기,0.01,0,0.0546383180502561,4.937957643719428e-06
1693,기술인수첩,0.01,0,0.0546383180502561,4.937957643719428e-06
1694,기존 산업의 디지털 트랜스포메이션,0.01,0,0.0546383180502561,4.937957643719428e-06
1695,제안서PPT작성,0.01,0,0.0546383180502561,4.937957643719428e-06
1696,미들웨어 검증하기,0.01,0,0.0546383180502561,4.937957643719428e-06
1697,품질지도 관리하기,0.01,0,0.0546383180502561,4.937957643719428e-06
1698,칼럼 작성,0.01,0,0.0546383180502561,4.937957643719428e-06
1699,통신공사설계,0.01,0,0.0546383180502561,4.937957643719428e-06
1700,금속 재료 자재관리,0.01,0,0.0546383180502561,4.937957643719428e-06
1701,건축 아파트현장 공사 관리,0.01,0,0.0546383180502561,4.937957643719428e-06
1702,과대광고 점검,0.01,0,0.0546383180502561,4.937957643719428e-06
1703,해외시장 조사보고서 작성,0.01,0,0.0546383180502561,4.937957643719428e-06
1704,장애 대응 경험,0.01,0,0.0546383180502561,4.937957643719428e-06
1705,KOLAS 등,0.01,0,0.0546383180502561,4.937957643719428e-06
1706,네트워크 구현하기,0.01,0,0.0546383180502561,4.937957643719428e-06
1707,외화송금,0.01,0,0.0546383180502561,4.937957643719428e-06
1708,자재 입고 정리,0.01,0,0.0546383180502561,4.937957643719428e-06
1709,도장관련 기술자,0.01,0,0.0546383180502561,4.937957643719428e-06
1710,조달영업,0.01,0,0.0546383180502561,4.937957643719428e-06
1711,오픈마켓1:1문의,0.01,0,0.0546383180502561,4.937957643719428e-06
1712,IT시스템 서버 운용하기,0.01,0,0.0546383180502561,4.937957643719428e-06
1713,ICT시스템 구축,0.01,0,0.0546383180502561,4.937957643719428e-06
1714,출하시기 결정하기,0.01,0,0.0546383180502561,4.937957643719428e-06
1715,웹퍼블리싱,0.01,0,0.0546383180502561,4.937957643719428e-06
1716,판촉 영업,0.01,0,0.0546383180502561,4.937957643719428e-06
1717,여성복 영업 경력,0.01,0,0.0546383180502561,4.937957643719428e-06
1718,2D 오토캐드,0.01,0,0.0546383180502561,4.937957643719428e-06
1719,더존 아이큐브 ERP 사용가능자,0.01,0,0.0546383180502561,4.937957643719428e-06
1720,소스 코드 분석하기,0.01,0,0.0546383180502561,4.937957643719428e-06
1721,ARM,0.01,0,0.0546383180502561,4.937957643719428e-06
1722,전기안전관리자,0.01,0,0.0546383180502561,4.937957643719428e-06
1723,자동차 부품 협력사 생산 총괄자,0.01,0,0.0546383180502561,4.937957643719428e-06
1724,외부 회계감사 대응,0.01,0,0.0546383180502561,4.937957643719428e-06
1725,수입전략 수립하기,0.01,0,0.0546383180502561,4.937957643719428e-06
1726,건설 시행사 기획 관리 경력직자,0.01,0,0.0546383180502561,4.937957643719428e-06
1727,산지 출장,0.01,0,0.0546383180502561,4.937957643719428e-06
1728,조리원,0.01,0,0.0546383180502561,4.937957643719428e-06
1729,상품문의,0.01,0,0.0546383180502561,4.937957643719428e-06
1730,XR 프로젝트 개발 경험,0.01,0,0.0546383180502561,4.937957643719428e-06
1731,특수검진관리,0.01,0,0.0546383180502561,4.937957643719428e-06
1732,물류재고관리,0.01,0,0.0546383180502561,4.937957643719428e-06
1733,품질관리기준 지침서 작성하기,0.01,0,0.0546383180502561,4.937957643719428e-06
1734,안드로이드 기기 잘 다룰 수 있는 분,0.01,0,0.0546383180502561,4.937957643719428e-06
1735,홈택스 사이트,0.01,0,0.0546383180502561,4.937957643719428e-06
1736,인적자원 평가하기,0.01,0,0.0546383180502561,4.937957643719428e-06
1737,소모품 창고 관리,0.01,0,0.0546383180502561,4.937957643719428e-06
1738,접수 등록,0.01,0,0.0546383180502561,4.937957643719428e-06
1739,교내 사업비 관리 경험,0.01,0,0.0546383180502561,4.937957643719428e-06
1740,파워빌더 프로그램 개발,0.01,0,0.0546383180502561,4.937957643719428e-06
1741,세금계산서관련업무,0.01,0,0.0546383180502561,4.937957643719428e-06
1742,가입문의고객안내,0.01,0,0.0546383180502561,4.937957643719428e-06
1743,신규입사자 온보딩,0.01,0,0.0546383180502561,4.937957643719428e-06
1744,네트워크광고,0.01,0,0.0546383180502561,4.937957643719428e-06
1745,미들웨어 구현하기,0.01,0,0.0546383180502561,4.937957643719428e-06
1746,건축초급기술자 이상 자격증 보유,0.01,0,0.0546383180502561,4.937957643719428e-06
1747,청소 업무,0.01,0,0.0546383180502561,4.937957643719428e-06
1748,정보통신기술자 자격증,0.01,0,0.0546383180502561,4.937957643719428e-06
1749,일상적인 HR팀 업무,0.01,0,0.0546383180502561,4.937957643719428e-06
1750,훈련과정 운영,0.01,0,0.0546383180502561,4.937957643719428e-06
1751,조립쪽 검사신청,0.01,0,0.0546383180502561,4.937957643719428e-06
1752,원자재 발주,0.01,0,0.0546383180502561,4.937957643719428e-06
1753,안드로이드 음성 학습 인식 소프트웨어 개발,0.01,0,0.0546383180502561,4.937957643719428e-06
1754,건설 현장 총괄 관리,0.01,0,0.0546383180502561,4.937957643719428e-06
1755,인사총무 총괄,0.01,0,0.0546383180502561,4.937957643719428e-06
1756,건축 현장소장,0.01,0,0.0546383180502561,4.937957643719428e-06
1757,WINSOCK,0.01,0,0.0546383180502561,4.937957643719428e-06
1758,환급,0.01,0,0.0546383180502561,4.937957643719428e-06
1759,연구자료 검색,0.01,0,0.0546383180502561,4.937957643719428e-06
1760,일자리 관련 공모사업 진행,0.01,0,0.0546383180502561,4.937957643719428e-06
1761,KOTLIN 프로그래밍 지식,0.01,0,0.0546383180502561,4.937957643719428e-06
1762,TANK TEST 보조,0.01,0,0.0546383180502561,4.937957643719428e-06
1763,원부자재 수급계획관리,0.01,0,0.0546383180502561,4.937957643719428e-06
1764,예약편성,0.01,0,0.0546383180502561,4.937957643719428e-06
1765,방화벽,0.01,0,0.0546383180502561,4.937957643719428e-06
1766,수입신고하기,0.01,0,0.0546383180502561,4.937957643719428e-06
1767,판매 확정하기,0.01,0,0.0546383180502561,4.937957643719428e-06
1768,인형 디자인 연구,0.01,0,0.0546383180502561,4.937957643719428e-06
1769,마트 전산 관리 시스템,0.01,0,0.0546383180502561,4.937957643719428e-06
1770,수출입벌크,0.01,0,0.0546383180502561,4.937957643719428e-06
1771,대금지급,0.01,0,0.0546383180502561,4.937957643719428e-06
1772,게시글 작성,0.01,0,0.0546383180502561,4.937957643719428e-06
1773,화훼류 관리,0.01,0,0.0546383180502561,4.937957643719428e-06
1774,기장 선후행 공정 관리,0.01,0,0.0546383180502561,4.937957643719428e-06
1775,더존스마트 A 필 사용 가능자,0.01,0,0.0546383180502561,4.937957643719428e-06
1776,동종 업종 경력,0.01,0,0.0546383180502561,4.937957643719428e-06
1777,설비 점검,0.01,0,0.0546383180502561,4.937957643719428e-06
1778,HRD 설계,0.01,0,0.0546383180502561,4.937957643719428e-06
1779,면접관 교육,0.01,0,0.0546383180502561,4.937957643719428e-06
1780,더존 스마트 A 경험,0.01,0,0.0546383180502561,4.937957643719428e-06
1781,APACHE,0.01,0,0.0546383180502561,4.937957643719428e-06
1782,점검 계획 수립하기,0.01,0,0.0546383180502561,4.937957643719428e-06
1783,미디어 홍보 전략 수립,0.01,0,0.0546383180502561,4.937957643719428e-06
1784,순찰업무,0.01,0,0.0546383180502561,4.937957643719428e-06
1785,평생교육시설 NCS과정 설계·개발,0.01,0,0.0546383180502561,4.937957643719428e-06
1786,기업 기술자문 신청접수 관리,0.01,0,0.0546383180502561,4.937957643719428e-06
1787,국제물류사,0.01,0,0.0546383180502561,4.937957643719428e-06
1788,HW 설계검증,0.01,0,0.0546383180502561,4.937957643719428e-06
1789,포스기 메뉴 수정,0.01,0,0.0546383180502561,4.937957643719428e-06
1790,현장 공정 이해,0.01,0,0.0546383180502561,4.937957643719428e-06
1791,외부업체 대응,0.01,0,0.0546383180502561,4.937957643719428e-06
1792,고도몰5 운영 경험자,0.01,0,0.0546383180502561,4.937957643719428e-06
1793,UI 설계 확인하기,0.01,0,0.0546383180502561,4.937957643719428e-06
1794,전기 안전 관리,0.01,0,0.0546383180502561,4.937957643719428e-06
1795,공종별 상세도 작성,0.01,0,0.0546383180502561,4.937957643719428e-06
1796,회계관련 이해,0.01,0,0.0546383180502561,4.937957643719428e-06
1797,상품 사업성 분석,0.01,0,0.0546383180502561,4.937957643719428e-06
1798,협력업체 자재 운반,0.01,0,0.0546383180502561,4.937957643719428e-06
1799,생산작업 지시,0.01,0,0.0546383180502561,4.937957643719428e-06
1800,병작업,0.01,0,0.0546383180502561,4.937957643719428e-06
1801,웹 기술,0.01,0,0.0546383180502561,4.937957643719428e-06
1802,안전관리 서류관리,0.01,0,0.0546383180502561,4.937957643719428e-06
1803,웹프로그래밍,0.01,0,0.0546383180502561,4.937957643719428e-06
1804,오피스 프로그램 사용자,0.01,0,0.0546383180502561,4.937957643719428e-06
1805,한국어,0.01,0,0.0546383180502561,4.937957643719428e-06
1806,인공지능 개발,0.01,0,0.0546383180502561,4.937957643719428e-06
1807,청소 준비하기,0.01,0,0.0546383180502561,4.937957643719428e-06
1808,D사업계획서 기획,0.01,0,0.0546383180502561,4.937957643719428e-06
1809,채용예정자 모집하기,0.01,0,0.0546383180502561,4.937957643719428e-06
1810,내외관 검사,0.01,0,0.0546383180502561,4.937957643719428e-06
1811,해양학 전공자,0.01,0,0.0546383180502561,4.937957643719428e-06
1812,IFRS 기준 재무제표 작성,0.01,0,0.0546383180502561,4.937957643719428e-06
1813,DB 분석,0.01,0,0.0546383180502561,4.937957643719428e-06
1814,NDE 관리,0.01,0,0.0546383180502561,4.937957643719428e-06
1815,직원 급여 계산,0.01,0,0.0546383180502561,4.937957643719428e-06
1816,방문 고객 맞이하기,0.01,0,0.0546383180502561,4.937957643719428e-06
1817,주택관리업 등록기준 기술인력관련 자격증 소지자 우대,0.01,0,0.0546383180502561,4.937957643719428e-06
1818,국가정보자원 관리원 보안환경 운영 경험,0.01,0,0.0546383180502561,4.937957643719428e-06
1819,엑셀러레이팅 사업 운영,0.01,0,0.0546383180502561,4.937957643719428e-06
1820,월별 작성 현황 점검,0.01,0,0.0546383180502561,4.937957643719428e-06
1821,시설 경비,0.01,0,0.0546383180502561,4.937957643719428e-06
1822,공구총괄 영업,0.01,0,0.0546383180502561,4.937957643719428e-06
1823,현장인력 안전관리교육,0.01,0,0.0546383180502561,4.937957643719428e-06
1824,출하 준비하기,0.01,0,0.0546383180502561,4.937957643719428e-06
1825,교육생 상담,0.01,0,0.0546383180502561,4.937957643719428e-06
1826,해당 문장에서는 생산관리라는 직무가 언급되었습니다.,0.01,0,0.0546383180502561,4.937957643719428e-06
1827,상황 별 고객 컴플레인 대응,0.01,0,0.0546383180502561,4.937957643719428e-06
1828,공공기관 업무,0.01,0,0.0546383180502561,4.937957643719428e-06
1829,일반건축 품질관리,0.01,0,0.0546383180502561,4.937957643719428e-06
1830,DSP,0.01,0,0.0546383180502561,4.937957643719428e-06
1831,입퇴사자 정리,0.01,0,0.0546383180502561,4.937957643719428e-06
1832,기타 기본회계,0.01,0,0.0546383180502561,4.937957643719428e-06
1833,고객 세분화,0.01,0,0.0546383180502561,4.937957643719428e-06
1834,기능직 인원관리,0.01,0,0.0546383180502561,4.937957643719428e-06
1835,절단공정,0.01,0,0.0546383180502561,4.937957643719428e-06
1836,불만처리 매뉴얼 작성,0.01,0,0.0546383180502561,4.937957643719428e-06
1837,건설기술인경력관리,0.01,0,0.0546383180502561,4.937957643719428e-06
1838,품질 공정관리,0.01,0,0.0546383180502561,4.937957643719428e-06
1839,자재 재단,0.01,0,0.0546383180502561,4.937957643719428e-06
1840,기자재 입고,0.01,0,0.0546383180502561,4.937957643719428e-06
1841,반죽,0.01,0,0.0546383180502561,4.937957643719428e-06
1842,물류센터 기본업무,0.01,0,0.0546383180502561,4.937957643719428e-06
1843,자사 SNS 기획,0.01,0,0.0546383180502561,4.937957643719428e-06
1844,환전 업무하기,0.01,0,0.0546383180502561,4.937957643719428e-06
1845,합격 수기 업로드,0.01,0,0.0546383180502561,4.937957643719428e-06
1846,FCL 서류 핸들링,0.01,0,0.0546383180502561,4.937957643719428e-06
1847,잔업관리,0.01,0,0.0546383180502561,4.937957643719428e-06
1848,매출장부 관리,0.01,0,0.0546383180502561,4.937957643719428e-06
1849,사업성 분석하기,0.01,0,0.0546383180502561,4.937957643719428e-06
1850,IT 서비스 개발,0.01,0,0.0546383180502561,4.937957643719428e-06
1851,상품 DB관리,0.01,0,0.0546383180502561,4.937957643719428e-06
1852,채용 프로세스 개선,0.01,0,0.0546383180502561,4.937957643719428e-06
1853,RF 회로설계,0.01,0,0.0546383180502561,4.937957643719428e-06
1854,모바일 플랫폼,0.01,0,0.0546383180502561,4.937957643719428e-06
1855,TIME-SERIES DB,0.01,0,0.0546383180502561,4.937957643719428e-06
1856,은행출납업무,0.01,0,0.0546383180502561,4.937957643719428e-06
1857,건강식품 제조,0.01,0,0.0546383180502561,4.937957643719428e-06
1858,일일생산 계획수립,0.01,0,0.0546383180502561,4.937957643719428e-06
1859,클라우드 운영 보고서 작성,0.01,0,0.0546383180502561,4.937957643719428e-06
1860,정부지원사업분야,0.01,0,0.0546383180502561,4.937957643719428e-06
1861,제증명 발급하기,0.01,0,0.0546383180502561,4.937957643719428e-06
1862,항공기 유도,0.01,0,0.0546383180502561,4.937957643719428e-06
1863,세탁물 입출고 현황 관리,0.01,0,0.0546383180502561,4.937957643719428e-06
1864,판매 서류 관리,0.01,0,0.0546383180502561,4.937957643719428e-06
1865,네트워크,0.01,0,0.0546383180502561,4.937957643719428e-06
1866,제반 시설,0.01,0,0.0546383180502561,4.937957643719428e-06
1867,외부감사 수검 대응,0.01,0,0.0546383180502561,4.937957643719428e-06
1868,UX 개발,0.01,0,0.0546383180502561,4.937957643719428e-06
1869,입식지게차 운전가능자,0.01,0,0.0546383180502561,4.937957643719428e-06
1870,출하실적관리,0.01,0,0.0546383180502561,4.937957643719428e-06
1871,관련 산업 관계자 대상 홍보하기,0.01,0,0.0546383180502561,4.937957643719428e-06
1872,구내통신구축,0.01,0,0.0546383180502561,4.937957643719428e-06
1873,훈련 콘텐츠 제작,0.01,0,0.0546383180502561,4.937957643719428e-06
1874,소화장치 생산관리,0.01,0,0.0546383180502561,4.937957643719428e-06
1875,사업구조설계,0.01,0,0.0546383180502561,4.937957643719428e-06
1876,관련분야 유경험자 우대,0.01,0,0.0546383180502561,4.937957643719428e-06
1877,상하차 작업 관리,0.01,0,0.0546383180502561,4.937957643719428e-06
1878,MS POWER FLATFORM,0.01,0,0.0546383180502561,4.937957643719428e-06
1879,전략물자 인허가,0.01,0,0.0546383180502561,4.937957643719428e-06
1880,기술지표 설정,0.01,0,0.0546383180502561,4.937957643719428e-06
1881,장애지원,0.01,0,0.0546383180502561,4.937957643719428e-06
1882,일러스트 사용 가능자,0.01,0,0.0546383180502561,4.937957643719428e-06
1883,차량 배차 관리하기,0.01,0,0.0546383180502561,4.937957643719428e-06
1884,FRONT END,0.01,0,0.0546383180502561,4.937957643719428e-06
1885,SPACE,0.01,0,0.0546383180502561,4.937957643719428e-06
1886,수출입계약서 작성하기,0.01,0,0.0546383180502561,4.937957643719428e-06
1887,W 기술지원,0.01,0,0.0546383180502561,4.937957643719428e-06
1888,해양 프로젝트 수행 경험,0.01,0,0.0546383180502561,4.937957643719428e-06
1889,섬유분야에서 품질관리 경력,0.01,0,0.0546383180502561,4.937957643719428e-06
1890,수입검사하기,0.01,0,0.0546383180502561,4.937957643719428e-06
1891,컴퓨터 문서작업,0.01,0,0.0546383180502561,4.937957643719428e-06
1892,자재 구매하기,0.01,0,0.0546383180502561,4.937957643719428e-06
1893,운전 면허 2종 이상,0.01,0,0.0546383180502561,4.937957643719428e-06
1894,더존활용,0.01,0,0.0546383180502561,4.937957643719428e-06
1895,오라클,0.01,0,0.0546383180502561,4.937957643719428e-06
1896,목문,0.01,0,0.0546383180502561,4.937957643719428e-06
1897,공사관리부 현장관리 실무경력보유,0.01,0,0.0546383180502561,4.937957643719428e-06
1898,공기조형물,0.01,0,0.0546383180502561,4.937957643719428e-06
1899,정보통신 공사 관련 공무 업무,0.01,0,0.0546383180502561,4.937957643719428e-06
1900,고용보조금 신청,0.01,0,0.0546383180502561,4.937957643719428e-06
1901,생산부 자재관리,0.01,0,0.0546383180502561,4.937957643719428e-06
1902,회원 애경사,0.01,0,0.0546383180502561,4.937957643719428e-06
1903,급여 관련업무,0.01,0,0.0546383180502561,4.937957643719428e-06
1904,상품개발경험,0.01,0,0.0546383180502561,4.937957643719428e-06
1905,전산 유지보수,0.01,0,0.0546383180502561,4.937957643719428e-06
1906,협의 조정하기,0.01,0,0.0546383180502561,4.937957643719428e-06
1907,청결 관리,0.01,0,0.0546383180502561,4.937957643719428e-06
1908,생산 데이터 관리,0.01,0,0.0546383180502561,4.937957643719428e-06
1909,메뉴얼 작성,0.01,0,0.0546383180502561,4.937957643719428e-06
1910,MFC,0.01,0,0.0546383180502561,4.937957643719428e-06
1911,생산 현장 직원 관리,0.01,0,0.0546383180502561,4.937957643719428e-06
1912,SMT 자재,0.01,0,0.0546383180502561,4.937957643719428e-06
1913,판매서비스 교육하기,0.01,0,0.0546383180502561,4.937957643719428e-06
1914,생산기술파트 엔지니어,0.01,0,0.0546383180502561,4.937957643719428e-06
1915,홍보전략 수립하기,0.01,0,0.0546383180502561,4.937957643719428e-06
1916,정보보안관리,0.01,0,0.0546383180502561,4.937957643719428e-06
1917,외부 위해 요소로부터 침해되지 않도록 예방·관리,0.01,0,0.0546383180502561,4.937957643719428e-06
1918,PPAP 승인 서류 작성,0.01,0,0.0546383180502561,4.937957643719428e-06
1919,컴퓨터 행정업무,0.01,0,0.0546383180502561,4.937957643719428e-06
1920,냉동컨테이너관리,0.01,0,0.0546383180502561,4.937957643719428e-06
1921,부동산 등기서류 작성,0.01,0,0.0546383180502561,4.937957643719428e-06
1922,GMP 인증,0.01,0,0.0546383180502561,4.937957643719428e-06
1923,영어로 통화,0.01,0,0.0546383180502561,4.937957643719428e-06
1924,전기안전관리자 선임,0.01,0,0.0546383180502561,4.937957643719428e-06
1925,암예방 서포터즈 활동 관리,0.01,0,0.0546383180502561,4.937957643719428e-06
1926,CPU,0.01,0,0.0546383180502561,4.937957643719428e-06
1927,인테리어 시공,0.01,0,0.0546383180502561,4.937957643719428e-06
1928,제품주문관리,0.01,0,0.0546383180502561,4.937957643719428e-06
1929,SNS콘텐츠 디자인 작업,0.01,0,0.0546383180502561,4.937957643719428e-06
1930,전산 시스템 운영,0.01,0,0.0546383180502561,4.937957643719428e-06
1931,현장별 관리,0.01,0,0.0546383180502561,4.937957643719428e-06
1932,FINANCIAL ANALYSIS,0.01,0,0.0546383180502561,4.937957643719428e-06
1933,인원 근태 관리,0.01,0,0.0546383180502561,4.937957643719428e-06
1934,쌀포장,0.01,0,0.0546383180502561,4.937957643719428e-06
1935,조사에 능통하신 분,0.01,0,0.0546383180502561,4.937957643719428e-06
1936,회계 업무 총괄,0.01,0,0.0546383180502561,4.937957643719428e-06
1937,철판 가공,0.01,0,0.0546383180502561,4.937957643719428e-06
1938,사회복지정보시스템,0.01,0,0.0546383180502561,4.937957643719428e-06
1939,조립도,0.01,0,0.0546383180502561,4.937957643719428e-06
1940,라이브방송 셋팅,0.01,0,0.0546383180502561,4.937957643719428e-06
1941,소형 구조물 공사시공,0.01,0,0.0546383180502561,4.937957643719428e-06
1942,불량 재고 관리,0.01,0,0.0546383180502561,4.937957643719428e-06
1943,구매요청,0.01,0,0.0546383180502561,4.937957643719428e-06
1944,구매적합성 판단하기,0.01,0,0.0546383180502561,4.937957643719428e-06
1945,온라인쇼핑몰 운영 관리,0.01,0,0.0546383180502561,4.937957643719428e-06
1946,주차장 청소,0.01,0,0.0546383180502561,4.937957643719428e-06
1947,해수용 펌프,0.01,0,0.0546383180502561,4.937957643719428e-06
1948,인적 자원관리,0.01,0,0.0546383180502561,4.937957643719428e-06
1949,서비스마케팅전략 수립,0.01,0,0.0546383180502561,4.937957643719428e-06
1950,콘크리트 타설,0.01,0,0.0546383180502561,4.937957643719428e-06
1951,인테리어 공사 관리,0.01,0,0.0546383180502561,4.937957643719428e-06
1952,사무국 운영,0.01,0,0.0546383180502561,4.937957643719428e-06
1953,금전출납,0.01,0,0.0546383180502561,4.937957643719428e-06
1954,학교회계,0.01,0,0.0546383180502561,4.937957643719428e-06
1955,입지적 특성 분석하기,0.01,0,0.0546383180502561,4.937957643719428e-06
1956,즉석 조리 식품 생산현장 관리,0.01,0,0.0546383180502561,4.937957643719428e-06
1957,블로그 관리운영,0.01,0,0.0546383180502561,4.937957643719428e-06
1958,MSA,0.01,0,0.0546383180502561,4.937957643719428e-06
1959,해결과정 점검,0.01,0,0.0546383180502561,4.937957643719428e-06
1960,현장기성청구관리,0.01,0,0.0546383180502561,4.937957643719428e-06
1961,현장 관리감독,0.01,0,0.0546383180502561,4.937957643719428e-06
1962,품질경영기사,0.01,0,0.0546383180502561,4.937957643719428e-06
1963,DEVICE DRIVER 개발,0.01,0,0.0546383180502561,4.937957643719428e-06
1964,총무관리 유경험자,0.01,0,0.0546383180502561,4.937957643719428e-06
1965,준공 지원,0.01,0,0.0546383180502561,4.937957643719428e-06
1966,제거업,0.01,0,0.0546383180502561,4.937957643719428e-06
1967,REST API,0.01,0,0.0546383180502561,4.937957643719428e-06
1968,제조지시서 작성,0.01,0,0.0546383180502561,4.937957643719428e-06
1969,MVC 기반의 웹서비스 구축 경험,0.01,0,0.0546383180502561,4.937957643719428e-06
1970,인부관리,0.01,0,0.0546383180502561,4.937957643719428e-06
1971,CAM.프로그램 능숙자,0.01,0,0.0546383180502561,4.937957643719428e-06
1972,블로그 작성 능숙자,0.01,0,0.0546383180502561,4.937957643719428e-06
1973,3D FILE,0.01,0,0.0546383180502561,4.937957643719428e-06
1974,건설현장 관리 감독,0.01,0,0.0546383180502561,4.937957643719428e-06
1975,고객 커뮤니케이션,0.01,0,0.0546383180502561,4.937957643719428e-06
1976,판매촉진활동 실행하기,0.01,0,0.0546383180502561,4.937957643719428e-06
1977,데이터관리,0.01,0,0.0546383180502561,4.937957643719428e-06
1978,원사 운송,0.01,0,0.0546383180502561,4.937957643719428e-06
1979,컴퓨터 하드웨어,0.01,0,0.0546383180502561,4.937957643719428e-06
1980,기록 보관,0.01,0,0.0546383180502561,4.937957643719428e-06
1981,전기전자관련 생산관리 경험자,0.01,0,0.0546383180502561,4.937957643719428e-06
1982,일반수리,0.01,0,0.0546383180502561,4.937957643719428e-06
1983,책이음서비스 구축,0.01,0,0.0546383180502561,4.937957643719428e-06
1984,투숙객 정보 확인하기,0.01,0,0.0546383180502561,4.937957643719428e-06
1985,KOTLIN,0.01,0,0.0546383180502561,4.937957643719428e-06
1986,건축자재 설계사무소 대상 자재설명,0.01,0,0.0546383180502561,4.937957643719428e-06
1987,공동체 활성화단체 지원하기,0.01,0,0.0546383180502561,4.937957643719428e-06
1988,철근가공 생산관리,0.01,0,0.0546383180502561,4.937957643719428e-06
1989,3D VIRTUALIZATION,0.01,0,0.0546383180502561,4.937957643719428e-06
1990,고무제품 품질 검사,0.01,0,0.0546383180502561,4.937957643719428e-06
1991,탕비실 관리,0.01,0,0.0546383180502561,4.937957643719428e-06
1992,청소장비 사용 가능자,0.01,0,0.0546383180502561,4.937957643719428e-06
1993,수산물 구매,0.01,0,0.0546383180502561,4.937957643719428e-06
1994,조리관련 자격증,0.01,0,0.0546383180502561,4.937957643719428e-06
1995,환경 품질관리,0.01,0,0.0546383180502561,4.937957643719428e-06
1996,외국인 유학생 관리,0.01,0,0.0546383180502561,4.937957643719428e-06
1997,인콰이어리 검토,0.01,0,0.0546383180502561,4.937957643719428e-06
1998,철근콘크리트공사업,0.01,0,0.0546383180502561,4.937957643719428e-06
1999,시스템접근제어,0.01,0,0.0546383180502561,4.937957643719428e-06
2000,정보시스템 감리,0.01,0,0.0546383180502561,4.937957643719428e-06
2001,MS-OFFICE 엑셀,0.01,0,0.0546383180502561,4.937957643719428e-06
2002,PML,0.01,0,0.0546383180502561,4.937957643719428e-06
2003,XP-ERP 활용,0.01,0,0.0546383180502561,4.937957643719428e-06
2004,소프트웨어 통합하기,0.01,0,0.0546383180502561,4.937957643719428e-06
2005,원청업무협조,0.01,0,0.0546383180502561,4.937957643719428e-06
2006,작업장 청결 유지 관리하기,0.01,0,0.0546383180502561,4.937957643719428e-06
2007,저장특성 파악하기,0.01,0,0.0546383180502561,4.937957643719428e-06
2008,농산식품 수입,0.01,0,0.0546383180502561,4.937957643719428e-06
2009,전반적인 경영 관리,0.01,0,0.0546383180502561,4.937957643719428e-06
2010,네트워킹 프로그램 운영,0.01,0,0.0546383180502561,4.937957643719428e-06
2011,견적서 전달,0.01,0,0.0546383180502561,4.937957643719428e-06
2012,조달청 등록물품,0.01,0,0.0546383180502561,4.937957643719428e-06
2013,소방안전관리자2급,0.01,0,0.0546383180502561,4.937957643719428e-06
2014,신규 제품 개발,0.01,0,0.0546383180502561,4.937957643719428e-06
2015,분양성보고서 작성,0.01,0,0.0546383180502561,4.937957643719428e-06
2016,임예학,0.01,0,0.0546383180502561,4.937957643719428e-06
2017,건설업관련 유경험자,0.01,0,0.0546383180502561,4.937957643719428e-06
2018,유니티 클라이언트 프로그래밍,0.01,0,0.0546383180502561,4.937957643719428e-06
2019,L작성,0.01,0,0.0546383180502561,4.937957643719428e-06
2020,스토어 테크놀로지 활용,0.01,0,0.0546383180502561,4.937957643719428e-06
2021,건축현장관리,0.01,0,0.0546383180502561,4.937957643719428e-06
2022,인허가 대응,0.01,0,0.0546383180502561,4.937957643719428e-06
2023,금형체결,0.01,0,0.0546383180502561,4.937957643719428e-06
2024,수입원가 계산하기,0.01,0,0.0546383180502561,4.937957643719428e-06
2025,공정감사 대응,0.01,0,0.0546383180502561,4.937957643719428e-06
2026,실습실 관리,0.01,0,0.0546383180502561,4.937957643719428e-06
2027,신상 인형 기획,0.01,0,0.0546383180502561,4.937957643719428e-06
2028,신용장 개설,0.01,0,0.0546383180502561,4.937957643719428e-06
2029,목공,0.01,0,0.0546383180502561,4.937957643719428e-06
2030,이사회,0.01,0,0.0546383180502561,4.937957643719428e-06
2031,산불방지교육,0.01,0,0.0546383180502561,4.937957643719428e-06
2032,토지 매입,0.01,0,0.0546383180502561,4.937957643719428e-06
2033,표시사항 확인,0.01,0,0.0546383180502561,4.937957643719428e-06
2034,항공기 지원장비 운용,0.01,0,0.0546383180502561,4.937957643719428e-06
2035,건설현장 경험,0.01,0,0.0546383180502561,4.937957643719428e-06
2036,영어능통,0.01,0,0.0546383180502561,4.937957643719428e-06
2037,재무활동 자금계획하기,0.01,0,0.0546383180502561,4.937957643719428e-06
2038,플랜트공사 현장관리,0.01,0,0.0546383180502561,4.937957643719428e-06
2039,전산수불프로그램 사용,0.01,0,0.0546383180502561,4.937957643719428e-06
2040,경리 회계 경력,0.01,0,0.0546383180502561,4.937957643719428e-06
2041,기계설비안전관리자,0.01,0,0.0546383180502561,4.937957643719428e-06
2042,교육운영 계획 수립·조정,0.01,0,0.0546383180502561,4.937957643719428e-06
2043,인력 운영하기,0.01,0,0.0546383180502561,4.937957643719428e-06
2044,웹 서버 관리자,0.01,0,0.0546383180502561,4.937957643719428e-06
2045,수출입프로세스 정립하기,0.01,0,0.0546383180502561,4.937957643719428e-06
2046,IT시스템 유지보수 관리,0.01,0,0.0546383180502561,4.937957643719428e-06
2047,물성시험하기,0.01,0,0.0546383180502561,4.937957643719428e-06
2048,사무용 프로그램,0.01,0,0.0546383180502561,4.937957643719428e-06
2049,지역 암통계 지원,0.01,0,0.0546383180502561,4.937957643719428e-06
2050,수리내역서 입력,0.01,0,0.0546383180502561,4.937957643719428e-06
2051,건축중급 이상,0.01,0,0.0546383180502561,4.937957643719428e-06
2052,건설업 관련 자격증 소지자,0.01,0,0.0546383180502561,4.937957643719428e-06
2053,이벤트 결과보고서 작성하기,0.01,0,0.0546383180502561,4.937957643719428e-06
2054,원료 수급처 관리,0.01,0,0.0546383180502561,4.937957643719428e-06
2055,전반적인 APP,0.01,0,0.0546383180502561,4.937957643719428e-06
2056,사업장 방문 확인,0.01,0,0.0546383180502561,4.937957643719428e-06
2057,분석평가,0.01,0,0.0546383180502561,4.937957643719428e-06
2058,MCU 기반 회로 설계,0.01,0,0.0546383180502561,4.937957643719428e-06
2059,품질 검사하기,0.01,0,0.0546383180502561,4.937957643719428e-06
2060,석재,0.01,0,0.0546383180502561,4.937957643719428e-06
2061,LINUX KERNEL 포팅,0.01,0,0.0546383180502561,4.937957643719428e-06
2062,닷넷,0.01,0,0.0546383180502561,4.937957643719428e-06
2063,업무조율,0.01,0,0.0546383180502561,4.937957643719428e-06
2064,협력업체신청,0.01,0,0.0546383180502561,4.937957643719428e-06
2065,교육프로그램 홍보,0.01,0,0.0546383180502561,4.937957643719428e-06
2066,통계분석·리서치,0.01,0,0.0546383180502561,4.937957643719428e-06
2067,배차 보조업무,0.01,0,0.0546383180502561,4.937957643719428e-06
2068,해외사업팀 PROJECT 영업,0.01,0,0.0546383180502561,4.937957643719428e-06
2069,준공청소,0.01,0,0.0546383180502561,4.937957643719428e-06
2070,원청사관리,0.01,0,0.0546383180502561,4.937957643719428e-06
2071,민원 접수,0.01,0,0.0546383180502561,4.937957643719428e-06
2072,납땜,0.01,0,0.0546383180502561,4.937957643719428e-06
2073,수출신고서 작성,0.01,0,0.0546383180502561,4.937957643719428e-06
2074,공작기계 유지보수,0.01,0,0.0546383180502561,4.937957643719428e-06
2075,서비스 관련 대학 졸업자,0.01,0,0.0546383180502561,4.937957643719428e-06
2076,사용자 네트워크 환경,0.01,0,0.0546383180502561,4.937957643719428e-06
2077,부자재상하차,0.01,0,0.0546383180502561,4.937957643719428e-06
2078,AEO,0.01,0,0.0546383180502561,4.937957643719428e-06
2079,보강토,0.01,0,0.0546383180502561,4.937957643719428e-06
2080,간단한 컴퓨터사용,0.01,0,0.0546383180502561,4.937957643719428e-06
2081,세무 이슈 검토,0.01,0,0.0546383180502561,4.937957643719428e-06
2082,신인도관리,0.01,0,0.0546383180502561,4.937957643719428e-06
2083,톡연락상담,0.01,0,0.0546383180502561,4.937957643719428e-06
2084,사내 IT 응용시스템 프로젝트 운영관리,0.01,0,0.0546383180502561,4.937957643719428e-06
2085,건강검진센터 영업,0.01,0,0.0546383180502561,4.937957643719428e-06
2086,불만 사항 해결 과정 점검,0.01,0,0.0546383180502561,4.937957643719428e-06
2087,INVENTORY MANAGEMENT,0.01,0,0.0546383180502561,4.937957643719428e-06
2088,POP 개발,0.01,0,0.0546383180502561,4.937957643719428e-06
2089,FPGA,0.01,0,0.0546383180502561,4.937957643719428e-06
2090,분양 관리,0.01,0,0.0546383180502561,4.937957643719428e-06
2091,DAP,0.01,0,0.0546383180502561,4.937957643719428e-06
2092,제조회사 원자재,0.01,0,0.0546383180502561,4.937957643719428e-06
2093,콜센터 상담원 경력,0.01,0,0.0546383180502561,4.937957643719428e-06
2094,인적자원 구성,0.01,0,0.0546383180502561,4.937957643719428e-06
2095,인테리어 현장 관리,0.01,0,0.0546383180502561,4.937957643719428e-06
2096,해결방안,0.01,0,0.0546383180502561,4.937957643719428e-06
2097,복식부기,0.01,0,0.0546383180502561,4.937957643719428e-06
2098,소싱 채널 다각화,0.01,0,0.0546383180502561,4.937957643719428e-06
2099,금융 동향 파악하기,0.01,0,0.0546383180502561,4.937957643719428e-06
2100,관리비 책정·수납하기,0.01,0,0.0546383180502561,4.937957643719428e-06
2101,공인영어성적,0.01,0,0.0546383180502561,4.937957643719428e-06
2102,홍보목표 설정하기,0.01,0,0.0546383180502561,4.937957643719428e-06
2103,여행상품 자원관리,0.01,0,0.0546383180502561,4.937957643719428e-06
2104,단체 행사 예약,0.01,0,0.0546383180502561,4.937957643719428e-06
2105,영업 기획하기,0.01,0,0.0546383180502561,4.937957643719428e-06
2106,MIS,0.01,0,0.0546383180502561,4.937957643719428e-06
2107,블로그 업로드,0.01,0,0.0546383180502561,4.937957643719428e-06
2108,경영지원부 관련 문서 관리,0.01,0,0.0546383180502561,4.937957643719428e-06
2109,사업자금 관리,0.01,0,0.0546383180502561,4.937957643719428e-06
2110,ERP SYSTEM 유경험자,0.01,0,0.0546383180502561,4.937957643719428e-06
2111,조립업무,0.01,0,0.0546383180502561,4.937957643719428e-06
2112,영업매출 관리하기,0.01,0,0.0546383180502561,4.937957643719428e-06
2113,이벤트대행,0.01,0,0.0546383180502561,4.937957643719428e-06
2114,구매 전반 업무,0.01,0,0.0546383180502561,4.937957643719428e-06
2115,조달우수제품인증,0.01,0,0.0546383180502561,4.937957643719428e-06
2116,HACCP 일지 작성,0.01,0,0.0546383180502561,4.937957643719428e-06
2117,공사원가계산서 작성,0.01,0,0.0546383180502561,4.937957643719428e-06
2118,SSQ인증 업무 경험,0.01,0,0.0546383180502561,4.937957643719428e-06
2119,해당 직무 또는 파트타임 근무 경험,0.01,0,0.0546383180502561,4.937957643719428e-06
2120,회계 사용,0.01,0,0.0546383180502561,4.937957643719428e-06
2121,컴퓨터 활용이 가능한 자,0.01,0,0.0546383180502561,4.937957643719428e-06
2122,고형연료 생산,0.01,0,0.0546383180502561,4.937957643719428e-06
2123,MS OFFICE 자,0.01,0,0.0546383180502561,4.937957643719428e-06
2124,측정시험,0.01,0,0.0546383180502561,4.937957643719428e-06
2125,진단 기능,0.01,0,0.0546383180502561,4.937957643719428e-06
2126,건축물 친환경인증,0.01,0,0.0546383180502561,4.937957643719428e-06
2127,회로설계,0.01,0,0.0546383180502561,4.937957643719428e-06
2128,행정 지원,0.01,0,0.0546383180502561,4.937957643719428e-06
2129,손익 관리,0.01,0,0.0546383180502561,4.937957643719428e-06
2130,교무,0.01,0,0.0546383180502561,4.937957643719428e-06
2131,최종결과보고서 작성,0.01,0,0.0546383180502561,4.937957643719428e-06
2132,블루투스 통신,0.01,0,0.0546383180502561,4.937957643719428e-06
2133,수급조절,0.01,0,0.0546383180502561,4.937957643719428e-06
2134,일반비품 관리,0.01,0,0.0546383180502561,4.937957643719428e-06
2135,시설관리 관련자격증,0.01,0,0.0546383180502561,4.937957643719428e-06
2136,GPDB,0.01,0,0.0546383180502561,4.937957643719428e-06
2137,공사 행정업무 수행,0.01,0,0.0546383180502561,4.937957643719428e-06
2138,전기선임 가능자,0.01,0,0.0546383180502561,4.937957643719428e-06
2139,데이터베이스 관리,0.01,0,0.0546383180502561,4.937957643719428e-06
2140,종합몰 등 온라인 비즈니스 2년이상 유경험자,0.01,0,0.0546383180502561,4.937957643719428e-06
2141,건설안전관리자,0.01,0,0.0546383180502561,4.937957643719428e-06
2142,CAD 도면확인,0.01,0,0.0546383180502561,4.937957643719428e-06
2143,프로모션 기획,0.01,0,0.0546383180502561,4.937957643719428e-06
2144,MS-EXCEL 사용,0.01,0,0.0546383180502561,4.937957643719428e-06
2145,기능 구현,0.01,0,0.0546383180502561,4.937957643719428e-06
2146,고충 취합,0.01,0,0.0546383180502561,4.937957643719428e-06
2147,빅데이터 서비스 가용성 관리하기,0.01,0,0.0546383180502561,4.937957643719428e-06
2148,포장 후 검사하기,0.01,0,0.0546383180502561,4.937957643719428e-06
2149,ICT 관련 기술조사,0.01,0,0.0546383180502561,4.937957643719428e-06
2150,기술자문,0.01,0,0.0546383180502561,4.937957643719428e-06
2151,테스트 도구 활용 경험 보유자,0.01,0,0.0546383180502561,4.937957643719428e-06
2152,채용 프로세스,0.01,0,0.0546383180502561,4.937957643719428e-06
2153,온라인 채널관리,0.01,0,0.0546383180502561,4.937957643719428e-06
2154,도급현장 근로자 관리,0.01,0,0.0546383180502561,4.937957643719428e-06
2155,해외시장 진출전략 수립하기,0.01,0,0.0546383180502561,4.937957643719428e-06
2156,물류 OPERATOR,0.01,0,0.0546383180502561,4.937957643719428e-06
2157,해당 문장에서는 총무,0.01,0,0.0546383180502561,4.937957643719428e-06
2158,차량 운영계획 수립하기,0.01,0,0.0546383180502561,4.937957643719428e-06
2159,건설현장 공사과장,0.01,0,0.0546383180502561,4.937957643719428e-06
2160,유통전략 수립,0.01,0,0.0546383180502561,4.937957643719428e-06
2161,수입신고서의 작성,0.01,0,0.0546383180502561,4.937957643719428e-06
2162,원도업체 관리,0.01,0,0.0546383180502561,4.937957643719428e-06
2163,방화관리 기능사,0.01,0,0.0546383180502561,4.937957643719428e-06
2164,건설기계설비기사,0.01,0,0.0546383180502561,4.937957643719428e-06
2165,장애인자립생활센터 근무 유경험,0.01,0,0.0546383180502561,4.937957643719428e-06
2166,퍼블리셔,0.01,0,0.0546383180502561,4.937957643719428e-06
2167,전시회 기획,0.01,0,0.0546383180502561,4.937957643719428e-06
2168,아웃 업무,0.01,0,0.0546383180502561,4.937957643719428e-06
2169,소스 코드 인스펙션,0.01,0,0.0546383180502561,4.937957643719428e-06
2170,콜센터 경력,0.01,0,0.0546383180502561,4.937957643719428e-06
2171,샘플 검사하기,0.01,0,0.0546383180502561,4.937957643719428e-06
2172,영업사무 지원,0.01,0,0.0546383180502561,4.937957643719428e-06
2173,포장임가공 생산,0.01,0,0.0546383180502561,4.937957643719428e-06
2174,모션제어,0.01,0,0.0546383180502561,4.937957643719428e-06
2175,재고조사 업무 경력,0.01,0,0.0546383180502561,4.937957643719428e-06
2176,기계설비유지관리자 중급 선임가능자,0.01,0,0.0546383180502561,4.937957643719428e-06
2177,소프트 평가,0.01,0,0.0546383180502561,4.937957643719428e-06
2178,MS OFFICE 사용 가능자,0.01,0,0.0546383180502561,4.937957643719428e-06
2179,영향력 분석,0.01,0,0.0546383180502561,4.937957643719428e-06
2180,관리비 고지서 작성,0.01,0,0.0546383180502561,4.937957643719428e-06
2181,유지보수내용,0.01,0,0.0546383180502561,4.937957643719428e-06
2182,다이소 근무 경력,0.01,0,0.0546383180502561,4.937957643719428e-06
2183,학과업무,0.01,0,0.0546383180502561,4.937957643719428e-06
2184,공연관련 기획자,0.01,0,0.0546383180502561,4.937957643719428e-06
2185,해상화물,0.01,0,0.0546383180502561,4.937957643719428e-06
2186,저장탱크,0.01,0,0.0546383180502561,4.937957643719428e-06
2187,WINDOWS,0.01,0,0.0546383180502561,4.937957643719428e-06
2188,GUI 애플리케이션 개발 경력,0.01,0,0.0546383180502561,4.937957643719428e-06
2189,학생 실습지도,0.01,0,0.0546383180502561,4.937957643719428e-06
2190,조이영어 서비스 기반 학습 상담,0.01,0,0.0546383180502561,4.937957643719428e-06
2191,데이터 취합,0.01,0,0.0546383180502561,4.937957643719428e-06
2192,수입대금 위험관리,0.01,0,0.0546383180502561,4.937957643719428e-06
2193,섬유업체 유경험,0.01,0,0.0546383180502561,4.937957643719428e-06
2194,제지급금 접수,0.01,0,0.0546383180502561,4.937957643719428e-06
2195,건축 설계,0.01,0,0.0546383180502561,4.937957643719428e-06
2196,물품 소요 종합,0.01,0,0.0546383180502561,4.937957643719428e-06
2197,기업특판,0.01,0,0.0546383180502561,4.937957643719428e-06
2198,일반건물철거관련,0.01,0,0.0546383180502561,4.937957643719428e-06
2199,매장지원,0.01,0,0.0546383180502561,4.937957643719428e-06
2200,지역난방관련 서류작성,0.01,0,0.0546383180502561,4.937957643719428e-06
2201,웹 표준을 고려한 UI 개발 경험,0.01,0,0.0546383180502561,4.937957643719428e-06
2202,이벤트 연출안 보고·작성하기,0.01,0,0.0546383180502561,4.937957643719428e-06
2203,보안점검,0.01,0,0.0546383180502561,4.937957643719428e-06
2204,착공관련 인·허가 법규 검토하기,0.01,0,0.0546383180502561,4.937957643719428e-06
2205,시장분석,0.01,0,0.0546383180502561,4.937957643719428e-06
2206,투자위험 분석하기,0.01,0,0.0546383180502561,4.937957643719428e-06
2207,신사업기획,0.01,0,0.0546383180502561,4.937957643719428e-06
2208,거래선 월말결제,0.01,0,0.0546383180502561,4.937957643719428e-06
2209,PCB 라우터 가공,0.01,0,0.0546383180502561,4.937957643719428e-06
2210,산재담당,0.01,0,0.0546383180502561,4.937957643719428e-06
2211,품질경영산업기사,0.01,0,0.0546383180502561,4.937957643719428e-06
2212,자재업무 담당,0.01,0,0.0546383180502561,4.937957643719428e-06
2213,쇼핑몰운영경험,0.01,0,0.0546383180502561,4.937957643719428e-06
2214,분양 계약,0.01,0,0.0546383180502561,4.937957643719428e-06
2215,생산 자재 전산 입력,0.01,0,0.0546383180502561,4.937957643719428e-06
2216,디자인 직군 경험,0.01,0,0.0546383180502561,4.937957643719428e-06
2217,연간 매출 목표 실행,0.01,0,0.0546383180502561,4.937957643719428e-06
2218,건강검진 컨설팅,0.01,0,0.0546383180502561,4.937957643719428e-06
2219,토지매입,0.01,0,0.0546383180502561,4.937957643719428e-06
2220,제증명서 관리,0.01,0,0.0546383180502561,4.937957643719428e-06
2221,전표출력 전산프로그램입력,0.01,0,0.0546383180502561,4.937957643719428e-06
2222,소프트웨어 업그레이드,0.01,0,0.0546383180502561,4.937957643719428e-06
2223,MIPLATFORM,0.01,0,0.0546383180502561,4.937957643719428e-06
2224,공연 제작일정 점검하기,0.01,0,0.0546383180502561,4.937957643719428e-06
2225,품질관리교육,0.01,0,0.0546383180502561,4.937957643719428e-06
2226,사업장 운영 관리,0.01,0,0.0546383180502561,4.937957643719428e-06
2227,연결회계,0.01,0,0.0546383180502561,4.937957643719428e-06
2228,PC 응용프로그램 개발,0.01,0,0.0546383180502561,4.937957643719428e-06
2229,서버 사이드 렌더링,0.01,0,0.0546383180502561,4.937957643719428e-06
2230,건강보험 EDI,0.01,0,0.0546383180502561,4.937957643719428e-06
2231,운전보조비 지원,0.01,0,0.0546383180502561,4.937957643719428e-06
2232,국제협력업무 경력자,0.01,0,0.0546383180502561,4.937957643719428e-06
2233,엑셀 운용,0.01,0,0.0546383180502561,4.937957643719428e-06
2234,가공 생산 관리,0.01,0,0.0546383180502561,4.937957643719428e-06
2235,POWER AMP,0.01,0,0.0546383180502561,4.937957643719428e-06
2236,수입팀 정산업무,0.01,0,0.0546383180502561,4.937957643719428e-06
2237,자금 기획,0.01,0,0.0546383180502561,4.937957643719428e-06
2238,엑셀사용능숙자,0.01,0,0.0546383180502561,4.937957643719428e-06
2239,리서처,0.01,0,0.0546383180502561,4.937957643719428e-06
2240,객실 정비 스케줄 작성,0.01,0,0.0546383180502561,4.937957643719428e-06
2241,광고기획,0.01,0,0.0546383180502561,4.937957643719428e-06
2242,탕비실 정리,0.01,0,0.0546383180502561,4.937957643719428e-06
2243,식품제조업의 생산관리,0.01,0,0.0546383180502561,4.937957643719428e-06
2244,기본적인 홈페이지 관리,0.01,0,0.0546383180502561,4.937957643719428e-06
2245,생산관련 서류 작성,0.01,0,0.0546383180502561,4.937957643719428e-06
2246,해당 문장에서는 관련 분야 석사 학위,0.01,0,0.0546383180502561,4.937957643719428e-06
2247,수권절차,0.01,0,0.0546383180502561,4.937957643719428e-06
2248,전자문서수발,0.01,0,0.0546383180502561,4.937957643719428e-06
2249,동영상 촬영,0.01,0,0.0546383180502561,4.937957643719428e-06
2250,상담 관리,0.01,0,0.0546383180502561,4.937957643719428e-06
2251,도장 생산라인,0.01,0,0.0546383180502561,4.937957643719428e-06
2252,XR 메타버스,0.01,0,0.0546383180502561,4.937957643719428e-06
2253,1톤 차량 운전,0.01,0,0.0546383180502561,4.937957643719428e-06
2254,작업 차량 관리,0.01,0,0.0546383180502561,4.937957643719428e-06
2255,설계분석,0.01,0,0.0546383180502561,4.937957643719428e-06
2256,내방객 방문 후 업무,0.01,0,0.0546383180502561,4.937957643719428e-06
2257,빅데이터 입출력구조 설계,0.01,0,0.0546383180502561,4.937957643719428e-06
2258,OP 업무,0.01,0,0.0546383180502561,4.937957643719428e-06
2259,안전확인,0.01,0,0.0546383180502561,4.937957643719428e-06
2260,매출업체 개발,0.01,0,0.0546383180502561,4.937957643719428e-06
2261,전략적인 사고,0.01,0,0.0546383180502561,4.937957643719428e-06
2262,운송 사무보조,0.01,0,0.0546383180502561,4.937957643719428e-06
2263,전산자격 소지자,0.01,0,0.0546383180502561,4.937957643719428e-06
2264,내방객 선별ㆍ응대하기,0.01,0,0.0546383180502561,4.937957643719428e-06
2265,매출일보 작성,0.01,0,0.0546383180502561,4.937957643719428e-06
2266,CASHIER 마감하기,0.01,0,0.0546383180502561,4.937957643719428e-06
2267,소방관리,0.01,0,0.0546383180502561,4.937957643719428e-06
2268,거래당사자 구분하기,0.01,0,0.0546383180502561,4.937957643719428e-06
2269,금형 진공열처리,0.01,0,0.0546383180502561,4.937957643719428e-06
2270,시공 상세도 작성하기,0.01,0,0.0546383180502561,4.937957643719428e-06
2271,자동차 차체 프레스 용접,0.01,0,0.0546383180502561,4.937957643719428e-06
2272,예산 수립,0.01,0,0.0546383180502561,4.937957643719428e-06
2273,부속 출고,0.01,0,0.0546383180502561,4.937957643719428e-06
2274,정보통신공학,0.01,0,0.0546383180502561,4.937957643719428e-06
2275,파일항타공사,0.01,0,0.0546383180502561,4.937957643719428e-06
2276,웹서비스 개발,0.01,0,0.0546383180502561,4.937957643719428e-06
2277,상품전략 수립,0.01,0,0.0546383180502561,4.937957643719428e-06
2278,국가프로젝트 수행경험자,0.01,0,0.0546383180502561,4.937957643719428e-06
2279,행정 경리파트 업무,0.01,0,0.0546383180502561,4.937957643719428e-06
2280,강습서비스,0.01,0,0.0546383180502561,4.937957643719428e-06
2281,수하인 CS업무,0.01,0,0.0546383180502561,4.937957643719428e-06
2282,운용관리자,0.01,0,0.0546383180502561,4.937957643719428e-06
2283,MASTER ROUTER,0.01,0,0.0546383180502561,4.937957643719428e-06
2284,연간 인력 채용 계획 수립,0.01,0,0.0546383180502561,4.937957643719428e-06
2285,사무관리 경험자,0.01,0,0.0546383180502561,4.937957643719428e-06
2286,SAS 통계 프로그램,0.01,0,0.0546383180502561,4.937957643719428e-06
2287,웹 마케팅,0.01,0,0.0546383180502561,4.937957643719428e-06
2288,위탁생,0.01,0,0.0546383180502561,4.937957643719428e-06
2289,제품 제안서 작성,0.01,0,0.0546383180502561,4.937957643719428e-06
2290,고객 이력과 기호 확인하기,0.01,0,0.0546383180502561,4.937957643719428e-06
2291,공사대금 지급하기,0.01,0,0.0546383180502561,4.937957643719428e-06
2292,해상화물 통관하기,0.01,0,0.0546383180502561,4.937957643719428e-06
2293,문의사항 상담,0.01,0,0.0546383180502561,4.937957643719428e-06
2294,원단 이동,0.01,0,0.0546383180502561,4.937957643719428e-06
2295,경영진의 신상정보 관리,0.01,0,0.0546383180502561,4.937957643719428e-06
2296,대형몰 판매경험,0.01,0,0.0546383180502561,4.937957643719428e-06
2297,서비스 기획 초기부터 출시까지 참여 경험,0.01,0,0.0546383180502561,4.937957643719428e-06
2298,발주대비 생산계획수립,0.01,0,0.0546383180502561,4.937957643719428e-06
2299,제조업 법무,0.01,0,0.0546383180502561,4.937957643719428e-06
2300,인증 지원,0.01,0,0.0546383180502561,4.937957643719428e-06
2301,특정 행동패턴 인식,0.01,0,0.0546383180502561,4.937957643719428e-06
2302,회계더존프로그램 사용,0.01,0,0.0546383180502561,4.937957643719428e-06
2303,RUST,0.01,0,0.0546383180502561,4.937957643719428e-06
2304,유흥협회 회원 관리,0.01,0,0.0546383180502561,4.937957643719428e-06
2305,양념육 생산,0.01,0,0.0546383180502561,4.937957643719428e-06
2306,입고물품 검수,0.01,0,0.0546383180502561,4.937957643719428e-06
2307,특장차 인증,0.01,0,0.0546383180502561,4.937957643719428e-06
2308,ORACLE,0.01,0,0.0546383180502561,4.937957643719428e-06
2309,MS-OFFICE,0.01,0,0.0546383180502561,4.937957643719428e-06
2310,가공식품 상품 관리,0.01,0,0.0546383180502561,4.937957643719428e-06
2311,관련 기술의 이해,0.01,0,0.0546383180502561,4.937957643719428e-06
2312,수요예측,0.01,0,0.0546383180502561,4.937957643719428e-06
2313,패스워드 관리,0.01,0,0.0546383180502561,4.937957643719428e-06
2314,무역 관련 서류 작성,0.01,0,0.0546383180502561,4.937957643719428e-06
2315,제품이송,0.01,0,0.0546383180502561,4.937957643719428e-06
2316,관리소장행정지원업무,0.01,0,0.0546383180502561,4.937957643719428e-06
2317,거래처납품영업관리,0.01,0,0.0546383180502561,4.937957643719428e-06
2318,차량 운송,0.01,0,0.0546383180502561,4.937957643719428e-06
2319,가스 관련 자격증,0.01,0,0.0546383180502561,4.937957643719428e-06
2320,출납등,0.01,0,0.0546383180502561,4.937957643719428e-06
2321,기구물 설계,0.01,0,0.0546383180502561,4.937957643719428e-06
2322,전시 컨텐츠,0.01,0,0.0546383180502561,4.937957643719428e-06
2323,예산 운용,0.01,0,0.0546383180502561,4.937957643719428e-06
2324,플라스틱 제조,0.01,0,0.0546383180502561,4.937957643719428e-06
2325,공동도급원가안분,0.01,0,0.0546383180502561,4.937957643719428e-06
2326,우주 분야 인력양성,0.01,0,0.0546383180502561,4.937957643719428e-06
2327,블로그 등 컨텐츠 작성,0.01,0,0.0546383180502561,4.937957643719428e-06
2328,산지마케팅,0.01,0,0.0546383180502561,4.937957643719428e-06
2329,포워더,0.01,0,0.0546383180502561,4.937957643719428e-06
2330,한글가능,0.01,0,0.0546383180502561,4.937957643719428e-06
2331,프랜차이즈 경력,0.01,0,0.0546383180502561,4.937957643719428e-06
2332,섬유 화학,0.01,0,0.0546383180502561,4.937957643719428e-06
2333,완제품 성적서 발행,0.01,0,0.0546383180502561,4.937957643719428e-06
2334,교통정보시스템 구축사업 감리,0.01,0,0.0546383180502561,4.937957643719428e-06
2335,정보통신 공사 설계,0.01,0,0.0546383180502561,4.937957643719428e-06
2336,건설관련 자격증 소지자,0.01,0,0.0546383180502561,4.937957643719428e-06
2337,사고예방활동,0.01,0,0.0546383180502561,4.937957643719428e-06
2338,수출 서류 관리,0.01,0,0.0546383180502561,4.937957643719428e-06
2339,보험 청약,0.01,0,0.0546383180502561,4.937957643719428e-06
2340,중국어능통자,0.01,0,0.0546383180502561,4.937957643719428e-06
2341,홍보물제작,0.01,0,0.0546383180502561,4.937957643719428e-06
2342,사진찍기,0.01,0,0.0546383180502561,4.937957643719428e-06
2343,기업고객 컨설팅 지원하기,0.01,0,0.0546383180502561,4.937957643719428e-06
2344,관리자 교육,0.01,0,0.0546383180502561,4.937957643719428e-06
2345,PVC원단 구매,0.01,0,0.0546383180502561,4.937957643719428e-06
2346,주주총회,0.01,0,0.0546383180502561,4.937957643719428e-06
2347,포장방법 선택하기,0.01,0,0.0546383180502561,4.937957643719428e-06
2348,임베디드,0.01,0,0.0546383180502561,4.937957643719428e-06
2349,작업진척 관리하기,0.01,0,0.0546383180502561,4.937957643719428e-06
2350,인터넷서핑,0.01,0,0.0546383180502561,4.937957643719428e-06
2351,생산 생판회의 진행,0.01,0,0.0546383180502561,4.937957643719428e-06
2352,장기요양기관 평가 관련 업무 유경험자,0.01,0,0.0546383180502561,4.937957643719428e-06
2353,수출입 통관 업무,0.01,0,0.0546383180502561,4.937957643719428e-06
2354,WINDOW NT,0.01,0,0.0546383180502561,4.937957643719428e-06
2355,컨테이너 배차,0.01,0,0.0546383180502561,4.937957643719428e-06
2356,RESTFUL 서비스 개발,0.01,0,0.0546383180502561,4.937957643719428e-06
2357,상장사 결산업무,0.01,0,0.0546383180502561,4.937957643719428e-06
2358,PCB 기술영업,0.01,0,0.0546383180502561,4.937957643719428e-06
2359,외주처관리,0.01,0,0.0546383180502561,4.937957643719428e-06
2360,RS-232,0.01,0,0.0546383180502561,4.937957643719428e-06
2361,가구 경력,0.01,0,0.0546383180502561,4.937957643719428e-06
2362,자체평가,0.01,0,0.0546383180502561,4.937957643719428e-06
2363,회계감사 대응,0.01,0,0.0546383180502561,4.937957643719428e-06
2364,염색컬러카드 관리,0.01,0,0.0546383180502561,4.937957643719428e-06
2365,생산 작업지시 프로그램 입력,0.01,0,0.0546383180502561,4.937957643719428e-06
2366,접수방법 안내,0.01,0,0.0546383180502561,4.937957643719428e-06
2367,HRD 행정 총괄,0.01,0,0.0546383180502561,4.937957643719428e-06
2368,영상처리,0.01,0,0.0546383180502561,4.937957643719428e-06
2369,원인분석ㆍ재발 방지대책 마련하기,0.01,0,0.0546383180502561,4.937957643719428e-06
2370,설비유지관리,0.01,0,0.0546383180502561,4.937957643719428e-06
2371,외부 업체 계약,0.01,0,0.0546383180502561,4.937957643719428e-06
2372,개최지,0.01,0,0.0546383180502561,4.937957643719428e-06
2373,가격-유통-서비스 촉진 전략 수립,0.01,0,0.0546383180502561,4.937957643719428e-06
2374,센터 정리정돈,0.01,0,0.0546383180502561,4.937957643719428e-06
2375,DB제공,0.01,0,0.0546383180502561,4.937957643719428e-06
2376,장애인관련 학문 전공,0.01,0,0.0546383180502561,4.937957643719428e-06
2377,현장 일괄 관리,0.01,0,0.0546383180502561,4.937957643719428e-06
2378,법인 입출금 관리,0.01,0,0.0546383180502561,4.937957643719428e-06
2379,외국인 근로자 관리,0.01,0,0.0546383180502561,4.937957643719428e-06
2380,컴퓨터 주변기기 개발,0.01,0,0.0546383180502561,4.937957643719428e-06
2381,전원공급,0.01,0,0.0546383180502561,4.937957643719428e-06
2382,출장 전 준비,0.01,0,0.0546383180502561,4.937957643719428e-06
2383,영문 독해,0.01,0,0.0546383180502561,4.937957643719428e-06
2384,홀 관리,0.01,0,0.0546383180502561,4.937957643719428e-06
2385,회원 상담 접수,0.01,0,0.0546383180502561,4.937957643719428e-06
2386,MES 전산 관리,0.01,0,0.0546383180502561,4.937957643719428e-06
2387,건설 초급 기술인 자격,0.01,0,0.0546383180502561,4.937957643719428e-06
2388,애널리틱스,0.01,0,0.0546383180502561,4.937957643719428e-06
2389,객실 요금 중간 정산하기,0.01,0,0.0546383180502561,4.937957643719428e-06
2390,결산 관리,0.01,0,0.0546383180502561,4.937957643719428e-06
2391,영업 전략수립,0.01,0,0.0546383180502561,4.937957643719428e-06
2392,인터페이스 구현 검증하기,0.01,0,0.0546383180502561,4.937957643719428e-06
2393,자재 장비투입 계획,0.01,0,0.0546383180502561,4.937957643719428e-06
2394,입출고 현황관리,0.01,0,0.0546383180502561,4.937957643719428e-06
2395,상하역,0.01,0,0.0546383180502561,4.937957643719428e-06
2396,프로모션 페이지,0.01,0,0.0546383180502561,4.937957643719428e-06
2397,생명과,0.01,0,0.0546383180502561,4.937957643719428e-06
2398,보험금 청구 구비서류,0.01,0,0.0546383180502561,4.937957643719428e-06
2399,기계설비 유지 관리자 중급,0.01,0,0.0546383180502561,4.937957643719428e-06
2400,창고관리시스템 개발,0.01,0,0.0546383180502561,4.937957643719428e-06
2401,안테나 기구설계,0.01,0,0.0546383180502561,4.937957643719428e-06
2402,장학업무,0.01,0,0.0546383180502561,4.937957643719428e-06
2403,임베디드 시스템 개발,0.01,0,0.0546383180502561,4.937957643719428e-06
2404,현장 LAY OUT 관리,0.01,0,0.0546383180502561,4.937957643719428e-06
2405,OPERATOR,0.01,0,0.0546383180502561,4.937957643719428e-06
2406,선박부품업 ERP 개발,0.01,0,0.0546383180502561,4.937957643719428e-06
2407,가상현실 UI,0.01,0,0.0546383180502561,4.937957643719428e-06
2408,공동사업 개발,0.01,0,0.0546383180502561,4.937957643719428e-06
2409,기타 서류 관련 업무,0.01,0,0.0546383180502561,4.937957643719428e-06
2410,직업훈련 사업신청,0.01,0,0.0546383180502561,4.937957643719428e-06
2411,유통 구조 분석,0.01,0,0.0546383180502561,4.937957643719428e-06
2412,상품소개서 작성,0.01,0,0.0546383180502561,4.937957643719428e-06
2413,대상별 상품 구성,0.01,0,0.0546383180502561,4.937957643719428e-06
2414,윈도우 서버,0.01,0,0.0546383180502561,4.937957643719428e-06
2415,준공일체서류,0.01,0,0.0546383180502561,4.937957643719428e-06
2416,영양성분표시 관리,0.01,0,0.0546383180502561,4.937957643719428e-06
2417,입퇴원자 서류관리,0.01,0,0.0546383180502561,4.937957643719428e-06
2418,공공 ICT PJT 현장대리인,0.01,0,0.0546383180502561,4.937957643719428e-06
2419,완제품 TEST,0.01,0,0.0546383180502561,4.937957643719428e-06
2420,인터페이스 설계,0.01,0,0.0546383180502561,4.937957643719428e-06
2421,제품 인증관리하기,0.01,0,0.0546383180502561,4.937957643719428e-06
2422,안전관리 계획하기,0.01,0,0.0546383180502561,4.937957643719428e-06
2423,전략수립,0.01,0,0.0546383180502561,4.937957643719428e-06
2424,금융업무,0.01,0,0.0546383180502561,4.937957643719428e-06
2425,생산관련자료출력,0.01,0,0.0546383180502561,4.937957643719428e-06
2426,경리 업무 보조,0.01,0,0.0546383180502561,4.937957643719428e-06
2427,WINDOWS 상에서 실행되는 로봇 관리 소프트웨어 개발,0.01,0,0.0546383180502561,4.937957643719428e-06
2428,생산스케쥴 관리,0.01,0,0.0546383180502561,4.937957643719428e-06
2429,구매 관리업무,0.01,0,0.0546383180502561,4.937957643719428e-06
2430,개발 직군,0.01,0,0.0546383180502561,4.937957643719428e-06
2431,중국어 활용,0.01,0,0.0546383180502561,4.937957643719428e-06
2432,요구사항 분석하기,0.01,0,0.0546383180502561,4.937957643719428e-06
2433,물류 도급 영업,0.01,0,0.0546383180502561,4.937957643719428e-06
2434,홀작업,0.01,0,0.0546383180502561,4.937957643719428e-06
2435,선용품 납품,0.01,0,0.0546383180502561,4.937957643719428e-06
2436,국비지원 훈련과정 전화,0.01,0,0.0546383180502561,4.937957643719428e-06
2437,주변장치 관리,0.01,0,0.0546383180502561,4.937957643719428e-06
2438,자세제어,0.01,0,0.0546383180502561,4.937957643719428e-06
2439,선로시설물 운용성공사,0.01,0,0.0546383180502561,4.937957643719428e-06
2440,통관 진행,0.01,0,0.0546383180502561,4.937957643719428e-06
2441,배관등 설치,0.01,0,0.0546383180502561,4.937957643719428e-06
2442,수분양자 입,0.01,0,0.0546383180502561,4.937957643719428e-06
2443,회사 홈페이지 운영,0.01,0,0.0546383180502561,4.937957643719428e-06
2444,건설현장 보건관리,0.01,0,0.0546383180502561,4.937957643719428e-06
2445,협력사관리,0.01,0,0.0546383180502561,4.937957643719428e-06
2446,프로모션기획,0.01,0,0.0546383180502561,4.937957643719428e-06
2447,기본적인 서비스 마인드 소유자,0.01,0,0.0546383180502561,4.937957643719428e-06
2448,시설안전,0.01,0,0.0546383180502561,4.937957643719428e-06
2449,인스펙트리스 경력,0.01,0,0.0546383180502561,4.937957643719428e-06
2450,특수효과,0.01,0,0.0546383180502561,4.937957643719428e-06
2451,목표설정 하기,0.01,0,0.0546383180502561,4.937957643719428e-06
2452,입회검사,0.01,0,0.0546383180502561,4.937957643719428e-06
2453,작업자관리,0.01,0,0.0546383180502561,4.937957643719428e-06
2454,정부지원 사업 연구 개발,0.01,0,0.0546383180502561,4.937957643719428e-06
2455,계육 생산 보조,0.01,0,0.0546383180502561,4.937957643719428e-06
2456,금용사 대관업무,0.01,0,0.0546383180502561,4.937957643719428e-06
2457,결혼정보사,0.01,0,0.0546383180502561,4.937957643719428e-06
2458,MSA 아키텍처,0.01,0,0.0546383180502561,4.937957643719428e-06
2459,면허관리,0.01,0,0.0546383180502561,4.937957643719428e-06
2460,청년층 일자리센터,0.01,0,0.0546383180502561,4.937957643719428e-06
2461,물류비용 취합,0.01,0,0.0546383180502561,4.937957643719428e-06
2462,평가자료 수집,0.01,0,0.0546383180502561,4.937957643719428e-06
2463,파지 압축 작업,0.01,0,0.0546383180502561,4.937957643719428e-06
2464,이벤트 기획하기,0.01,0,0.0546383180502561,4.937957643719428e-06
2465,MS-SQL,0.01,0,0.0546383180502561,4.937957643719428e-06
2466,통신장비 생산,0.01,0,0.0546383180502561,4.937957643719428e-06
2467,유관기관 협력 실무 업무,0.01,0,0.0546383180502561,4.937957643719428e-06
2468,기업고객 상담하기,0.01,0,0.0546383180502561,4.937957643719428e-06
2469,SSL가시화,0.01,0,0.0546383180502561,4.937957643719428e-06
2470,시간표,0.01,0,0.0546383180502561,4.937957643719428e-06
2471,수출입계획 수립하기,0.01,0,0.0546383180502561,4.937957643719428e-06
2472,포장하기,0.01,0,0.0546383180502561,4.937957643719428e-06
2473,인력이동관리,0.01,0,0.0546383180502561,4.937957643719428e-06
2474,SHOP DWG,0.01,0,0.0546383180502561,4.937957643719428e-06
2475,이벤트 행사,0.01,0,0.0546383180502561,4.937957643719428e-06
2476,필드영업,0.01,0,0.0546383180502561,4.937957643719428e-06
2477,입추,0.01,0,0.0546383180502561,4.937957643719428e-06
2478,생산설비 유지보수,0.01,0,0.0546383180502561,4.937957643719428e-06
2479,판넬 제조라인 생산관리,0.01,0,0.0546383180502561,4.937957643719428e-06
2480,부대시설 이용정보 파악하기,0.01,0,0.0546383180502561,4.937957643719428e-06
2481,결과보고서 작성,0.01,0,0.0546383180502561,4.937957643719428e-06
2482,개인위생 점검,0.01,0,0.0546383180502561,4.937957643719428e-06
2483,발주 현황 관리,0.01,0,0.0546383180502561,4.937957643719428e-06
2484,결품관리,0.01,0,0.0546383180502561,4.937957643719428e-06
2485,인원의 업무관리,0.01,0,0.0546383180502561,4.937957643719428e-06
2486,행사 시스템업체,0.01,0,0.0546383180502561,4.937957643719428e-06
2487,창고 관리하기,0.01,0,0.0546383180502561,4.937957643719428e-06
2488,스마트팜,0.01,0,0.0546383180502561,4.937957643719428e-06
2489,위원회관리,0.01,0,0.0546383180502561,4.937957643719428e-06
2490,SNS 기획 운영,0.01,0,0.0546383180502561,4.937957643719428e-06
2491,TENSORFLOW,0.01,0,0.0546383180502561,4.937957643719428e-06
2492,안테나설계,0.01,0,0.0546383180502561,4.937957643719428e-06
2493,영어 의사 소통,0.01,0,0.0546383180502561,4.937957643719428e-06
2494,내진자재 현장관리,0.01,0,0.0546383180502561,4.937957643719428e-06
2495,표면오염도 검사,0.01,0,0.0546383180502561,4.937957643719428e-06
2496,자금 유동성 관리,0.01,0,0.0546383180502561,4.937957643719428e-06
2497,자재 수급 업무,0.01,0,0.0546383180502561,4.937957643719428e-06
2498,총괄 생산 관리,0.01,0,0.0546383180502561,4.937957643719428e-06
2499,온라인채널영업,0.01,0,0.0546383180502561,4.937957643719428e-06
2500,비회원가입,0.01,0,0.0546383180502561,4.937957643719428e-06
2501,백업 운영 관리,0.01,0,0.0546383180502561,4.937957643719428e-06
2502,수익성 분석하기,0.01,0,0.0546383180502561,4.937957643719428e-06
2503,ERP 신규 도입,0.01,0,0.0546383180502561,4.937957643719428e-06
2504,가공 식품 영업,0.01,0,0.0546383180502561,4.937957643719428e-06
2505,GOOGLE CLOUD PLATFORM,0.01,0,0.0546383180502561,4.937957643719428e-06
2506,근로자 채용,0.01,0,0.0546383180502561,4.937957643719428e-06
2507,OLED,0.01,0,0.0546383180502561,4.937957643719428e-06
2508,솔류션,0.01,0,0.0546383180502561,4.937957643719428e-06
2509,인프라 관리,0.01,0,0.0546383180502561,4.937957643719428e-06
2510,민간 토지 보상 상담,0.01,0,0.0546383180502561,4.937957643719428e-06
2511,스포츠시설 일정 관리,0.01,0,0.0546383180502561,4.937957643719428e-06
2512,보호자 고충접수 처리,0.01,0,0.0546383180502561,4.937957643719428e-06
2513,업무파트 경력,0.01,0,0.0546383180502561,4.937957643719428e-06
2514,프로그램 업데이트,0.01,0,0.0546383180502561,4.937957643719428e-06
2515,자재창고 관리하기,0.01,0,0.0546383180502561,4.937957643719428e-06
2516,특판 영업,0.01,0,0.0546383180502561,4.937957643719428e-06
2517,현장 전반적 위생관리,0.01,0,0.0546383180502561,4.937957643719428e-06
2518,전산입력 사무 보조,0.01,0,0.0546383180502561,4.937957643719428e-06
2519,모니터링 프로그래밍,0.01,0,0.0546383180502561,4.937957643719428e-06
2520,기본 PC 활용 능력,0.01,0,0.0546383180502561,4.937957643719428e-06
2521,공조냉동기계,0.01,0,0.0546383180502561,4.937957643719428e-06
2522,행정프로그램,0.01,0,0.0546383180502561,4.937957643719428e-06
2523,데이터 관련 컨설팅,0.01,0,0.0546383180502561,4.937957643719428e-06
2524,시장조사하기,0.01,0,0.0546383180502561,4.937957643719428e-06
2525,W 릴리즈 업무,0.01,0,0.0546383180502561,4.937957643719428e-06
2526,중증장애인,0.01,0,0.0546383180502561,4.937957643719428e-06
2527,솔리드웍스,0.01,0,0.0546383180502561,4.937957643719428e-06
2528,리눅스마스터1급,0.01,0,0.0546383180502561,4.937957643719428e-06
2529,사업장관리,0.01,0,0.0546383180502561,4.937957643719428e-06
2530,HACCP 법적서류관리,0.01,0,0.0546383180502561,4.937957643719428e-06
2531,분말 스틱 생산 기계 점검,0.01,0,0.0546383180502561,4.937957643719428e-06
2532,교육관 이용 예약 관리,0.01,0,0.0546383180502561,4.937957643719428e-06
2533,택배인수증 관리,0.01,0,0.0546383180502561,4.937957643719428e-06
2534,소방설계,0.01,0,0.0546383180502561,4.937957643719428e-06
2535,안전장구 관리,0.01,0,0.0546383180502561,4.937957643719428e-06
2536,WINDOW OS환경 병행 개발자,0.01,0,0.0546383180502561,4.937957643719428e-06
2537,커미셔닝,0.01,0,0.0546383180502561,4.937957643719428e-06
2538,가스일반시설 안전관리자,0.01,0,0.0546383180502561,4.937957643719428e-06
2539,주기적 모니터링,0.01,0,0.0546383180502561,4.937957643719428e-06
2540,프로그램 자격증,0.01,0,0.0546383180502561,4.937957643719428e-06
2541,DBMS,0.01,0,0.0546383180502561,4.937957643719428e-06
2542,클라이언트 관리,0.01,0,0.0546383180502561,4.937957643719428e-06
2543,매입통제,0.01,0,0.0546383180502561,4.937957643719428e-06
2544,회관 대관 업무,0.01,0,0.0546383180502561,4.937957643719428e-06
2545,이러닝 모듈 개발,0.01,0,0.0546383180502561,4.937957643719428e-06
2546,문화 공간 기획,0.01,0,0.0546383180502561,4.937957643719428e-06
2547,건설 파트,0.01,0,0.0546383180502561,4.937957643719428e-06
2548,식품 생산,0.01,0,0.0546383180502561,4.937957643719428e-06
2549,관련 전문경험,0.01,0,0.0546383180502561,4.937957643719428e-06
2550,CI 작성,0.01,0,0.0546383180502561,4.937957643719428e-06
2551,콘텐츠 성과 분석 후 개선 방안 도출,0.01,0,0.0546383180502561,4.937957643719428e-06
2552,손익 분석,0.01,0,0.0546383180502561,4.937957643719428e-06
2553,문화컨텐츠 사업,0.01,0,0.0546383180502561,4.937957643719428e-06
2554,회로 지식,0.01,0,0.0546383180502561,4.937957643719428e-06
2555,호스팅사 솔루션 사용 유경험자,0.01,0,0.0546383180502561,4.937957643719428e-06
2556,입고자재 거리명세서 입고,0.01,0,0.0546383180502561,4.937957643719428e-06
2557,온라인 상품 등록,0.01,0,0.0546383180502561,4.937957643719428e-06
2558,안전관리 대행업체,0.01,0,0.0546383180502561,4.937957643719428e-06
2559,정부 사업 연구,0.01,0,0.0546383180502561,4.937957643719428e-06
2560,분양사업 파악하기,0.01,0,0.0546383180502561,4.937957643719428e-06
2561,외항선박의 각종 수검 안내,0.01,0,0.0546383180502561,4.937957643719428e-06
2562,부동산 분양 기획 마케팅,0.01,0,0.0546383180502561,4.937957643719428e-06
2563,간호조무사자격증 소지자,0.01,0,0.0546383180502561,4.937957643719428e-06
2564,전기전자 부품 생산관리,0.01,0,0.0546383180502561,4.937957643719428e-06
2565,포장부,0.01,0,0.0546383180502561,4.937957643719428e-06
2566,제품표시 사항 관리,0.01,0,0.0546383180502561,4.937957643719428e-06
2567,선별진료소 접수,0.01,0,0.0546383180502561,4.937957643719428e-06
2568,사출공정,0.01,0,0.0546383180502561,4.937957643719428e-06
2569,근로계약서 작성,0.01,0,0.0546383180502561,4.937957643719428e-06
2570,유전,0.01,0,0.0546383180502561,4.937957643719428e-06
2571,정부·지자체 재정지원사업 경험자,0.01,0,0.0546383180502561,4.937957643719428e-06
2572,형상기,0.01,0,0.0546383180502561,4.937957643719428e-06
2573,수산식품 유통 관리하기,0.01,0,0.0546383180502561,4.937957643719428e-06
2574,배차내역정리,0.01,0,0.0546383180502561,4.937957643719428e-06
2575,빅데이터 수집·변환 모듈 개발,0.01,0,0.0546383180502561,4.937957643719428e-06
2576,동종업체 관리경험자,0.01,0,0.0546383180502561,4.937957643719428e-06
2577,IATF16949 활동에 의한 부수 업무,0.01,0,0.0546383180502561,4.937957643719428e-06
2578,현장공무팀 업무진행,0.01,0,0.0546383180502561,4.937957643719428e-06
2579,성매매방지업무 경력,0.01,0,0.0546383180502561,4.937957643719428e-06
2580,의지보조기사 자격증,0.01,0,0.0546383180502561,4.937957643719428e-06
2581,SW 문제 해결,0.01,0,0.0546383180502561,4.937957643719428e-06
2582,총관리,0.01,0,0.0546383180502561,4.937957643719428e-06
2583,무역서류 독해,0.01,0,0.0546383180502561,4.937957643719428e-06
2584,콘텐츠 기획,0.01,0,0.0546383180502561,4.937957643719428e-06
2585,지식산업센터 운영,0.01,0,0.0546383180502561,4.937957643719428e-06
2586,KSA품질관리담당자 교육이수,0.01,0,0.0546383180502561,4.937957643719428e-06
2587,대내 보고,0.01,0,0.0546383180502561,4.937957643719428e-06
2588,상품 분석보고서 작성,0.01,0,0.0546383180502561,4.937957643719428e-06
2589,K-IFRS,0.01,0,0.0546383180502561,4.937957643719428e-06
2590,경비원 범죄 조회,0.01,0,0.0546383180502561,4.937957643719428e-06
2591,3D MODELING,0.01,0,0.0546383180502561,4.937957643719428e-06
2592,백엔드,0.01,0,0.0546383180502561,4.937957643719428e-06
2593,화학 실험,0.01,0,0.0546383180502561,4.937957643719428e-06
2594,출장 후 업무,0.01,0,0.0546383180502561,4.937957643719428e-06
2595,기계설비유지관리자 초급,0.01,0,0.0546383180502561,4.937957643719428e-06
2596,4대보험환급처리,0.01,0,0.0546383180502561,4.937957643719428e-06
2597,기타현장지원,0.01,0,0.0546383180502561,4.937957643719428e-06
2598,VB메크로,0.01,0,0.0546383180502561,4.937957643719428e-06
2599,기구 구조물 설계,0.01,0,0.0546383180502561,4.937957643719428e-06
2600,상품상차,0.01,0,0.0546383180502561,4.937957643719428e-06
2601,리팩토링 기준 수립하기,0.01,0,0.0546383180502561,4.937957643719428e-06
2602,CAD설계가능자,0.01,0,0.0546383180502561,4.937957643719428e-06
2603,진공부품,0.01,0,0.0546383180502561,4.937957643719428e-06
2604,셀메이트 사용 경험,0.01,0,0.0546383180502561,4.937957643719428e-06
2605,품질관리 중급 이상,0.01,0,0.0546383180502561,4.937957643719428e-06
2606,IT 시스템 컨설팅,0.01,0,0.0546383180502561,4.937957643719428e-06
2607,스포츠 관련 전공,0.01,0,0.0546383180502561,4.937957643719428e-06
2608,윤활 점검원,0.01,0,0.0546383180502561,4.937957643719428e-06
2609,창고 물류업무,0.01,0,0.0546383180502561,4.937957643719428e-06
2610,이벤트 무대,0.01,0,0.0546383180502561,4.937957643719428e-06
2611,데이터 작성 기록,0.01,0,0.0546383180502561,4.937957643719428e-06
2612,영향력 있는 인플루언서들과의 공동구매 협업 제안,0.01,0,0.0546383180502561,4.937957643719428e-06
2613,사전기술협의,0.01,0,0.0546383180502561,4.937957643719428e-06
2614,BUSINESS INTELLIGENCE,0.01,0,0.0546383180502561,4.937957643719428e-06
2615,공장장직무대행,0.01,0,0.0546383180502561,4.937957643719428e-06
2616,TT 송금,0.01,0,0.0546383180502561,4.937957643719428e-06
2617,배달주문접수,0.01,0,0.0546383180502561,4.937957643719428e-06
2618,공조냉동기계기사,0.01,0,0.0546383180502561,4.937957643719428e-06
2619,컴퓨터 사용 능숙자,0.01,0,0.0546383180502561,4.937957643719428e-06
2620,컴퓨터 관련 무역,0.01,0,0.0546383180502561,4.937957643719428e-06
2621,채용예정자 선발하기,0.01,0,0.0546383180502561,4.937957643719428e-06
2622,S 업무 수행,0.01,0,0.0546383180502561,4.937957643719428e-06
2623,예약 회원관리,0.01,0,0.0546383180502561,4.937957643719428e-06
2624,레미콘 생산부,0.01,0,0.0546383180502561,4.937957643719428e-06
2625,신규 거래처 개발,0.01,0,0.0546383180502561,4.937957643719428e-06
2626,서비스 배포,0.01,0,0.0546383180502561,4.937957643719428e-06
2627,오프라인홍보,0.01,0,0.0546383180502561,4.937957643719428e-06
2628,굿즈샵 업무,0.01,0,0.0546383180502561,4.937957643719428e-06
2629,마이크로 서비스 간 메시징 파이프라인 구축,0.01,0,0.0546383180502561,4.937957643719428e-06
2630,SWITCH,0.01,0,0.0546383180502561,4.937957643719428e-06
2631,가맹점 관리,0.01,0,0.0546383180502561,4.937957643719428e-06
2632,세탁기능 자격증,0.01,0,0.0546383180502561,4.937957643719428e-06
2633,식자재 저장관리하기,0.01,0,0.0546383180502561,4.937957643719428e-06
2634,인증 적용하기,0.01,0,0.0546383180502561,4.937957643719428e-06
2635,서비스 운영 참여,0.01,0,0.0546383180502561,4.937957643719428e-06
2636,회원 민원 접수,0.01,0,0.0546383180502561,4.937957643719428e-06
2637,연결재무정보 수집하기,0.01,0,0.0546383180502561,4.937957643719428e-06
2638,암호 소프트웨어 개발자,0.01,0,0.0546383180502561,4.937957643719428e-06
2639,철강제품 판매영업,0.01,0,0.0546383180502561,4.937957643719428e-06
2640,펌웨어 설계하기,0.01,0,0.0546383180502561,4.937957643719428e-06
2641,위탁급식수주 보조업무,0.01,0,0.0546383180502561,4.937957643719428e-06
2642,스타트업 근무 경험,0.01,0,0.0546383180502561,4.937957643719428e-06
2643,임학,0.01,0,0.0546383180502561,4.937957643719428e-06
2644,제조 효율성 향상하기,0.01,0,0.0546383180502561,4.937957643719428e-06
2645,행정 총괄,0.01,0,0.0546383180502561,4.937957643719428e-06
2646,일반 장비 수리,0.01,0,0.0546383180502561,4.937957643719428e-06
2647,전기 자격증,0.01,0,0.0546383180502561,4.937957643719428e-06
2648,PC 사용가능자,0.01,0,0.0546383180502561,4.937957643719428e-06
2649,스포츠센터 프로그램 안내,0.01,0,0.0546383180502561,4.937957643719428e-06
2650,시생산 공정 확인,0.01,0,0.0546383180502561,4.937957643719428e-06
2651,브랜드기획,0.01,0,0.0546383180502561,4.937957643719428e-06
2652,생산성 개선활동,0.01,0,0.0546383180502561,4.937957643719428e-06
2653,월마감 관리,0.01,0,0.0546383180502561,4.937957643719428e-06
2654,QT 개발 경험,0.01,0,0.0546383180502561,4.937957643719428e-06
2655,펜션 전화 응대,0.01,0,0.0546383180502561,4.937957643719428e-06
2656,주차 유도,0.01,0,0.0546383180502561,4.937957643719428e-06
2657,재고이동 작성,0.01,0,0.0546383180502561,4.937957643719428e-06
2658,통신장비 설계,0.01,0,0.0546383180502561,4.937957643719428e-06
2659,부동산 임대전략수립,0.01,0,0.0546383180502561,4.937957643719428e-06
2660,선장 선후행 공정 관리,0.01,0,0.0546383180502561,4.937957643719428e-06
2661,임베디드 소프트웨어 설계 경험자 우대,0.01,0,0.0546383180502561,4.937957643719428e-06
2662,수영회원전산등록,0.01,0,0.0546383180502561,4.937957643719428e-06
2663,현장서류정리,0.01,0,0.0546383180502561,4.937957643719428e-06
2664,차량등록,0.01,0,0.0546383180502561,4.937957643719428e-06
2665,창호 시공계획 수립,0.01,0,0.0546383180502561,4.937957643719428e-06
2666,컨테이너 기술,0.01,0,0.0546383180502561,4.937957643719428e-06
2667,분양관리,0.01,0,0.0546383180502561,4.937957643719428e-06
2668,이벤트 리허설 진행하기,0.01,0,0.0546383180502561,4.937957643719428e-06
2669,자동차운전학원 상담,0.01,0,0.0546383180502561,4.937957643719428e-06
2670,자재입출고 관리,0.01,0,0.0546383180502561,4.937957643719428e-06
2671,작품 분석하기,0.01,0,0.0546383180502561,4.937957643719428e-06
2672,특화 우주산업 클러스터,0.01,0,0.0546383180502561,4.937957643719428e-06
2673,호텔 관리,0.01,0,0.0546383180502561,4.937957643719428e-06
2674,입원비 수납,0.01,0,0.0546383180502561,4.937957643719428e-06
2675,잔산응용제도,0.01,0,0.0546383180502561,4.937957643719428e-06
2676,매입 자료 취합,0.01,0,0.0546383180502561,4.937957643719428e-06
2677,방출,0.01,0,0.0546383180502561,4.937957643719428e-06
2678,WAREHOUSING,0.01,0,0.0546383180502561,4.937957643719428e-06
2679,해외 바이어 미팅,0.01,0,0.0546383180502561,4.937957643719428e-06
2680,생활지도교사 경력,0.01,0,0.0546383180502561,4.937957643719428e-06
2681,배너광고,0.01,0,0.0546383180502561,4.937957643719428e-06
2682,운송영업,0.01,0,0.0546383180502561,4.937957643719428e-06
2683,아파트 관리업무,0.01,0,0.0546383180502561,4.937957643719428e-06
2684,경영진 지원업무,0.01,0,0.0546383180502561,4.937957643719428e-06
2685,불만처리 대응,0.01,0,0.0546383180502561,4.937957643719428e-06
2686,HRD업무,0.01,0,0.0546383180502561,4.937957643719428e-06
2687,이메일업무,0.01,0,0.0546383180502561,4.937957643719428e-06
2688,영업거래처데이터,0.01,0,0.0546383180502561,4.937957643719428e-06
2689,검량 자격증 소지자,0.01,0,0.0546383180502561,4.937957643719428e-06
2690,소방공사 관련 서류작성,0.01,0,0.0546383180502561,4.937957643719428e-06
2691,전자정부프레임워크,0.01,0,0.0546383180502561,4.937957643719428e-06
2692,시행 총괄업무,0.01,0,0.0546383180502561,4.937957643719428e-06
2693,장기보상,0.01,0,0.0546383180502561,4.937957643719428e-06
2694,체크 인 준비하기,0.01,0,0.0546383180502561,4.937957643719428e-06
2695,마이크로서비스 아키텍처,0.01,0,0.0546383180502561,4.937957643719428e-06
2696,영업판매사원,0.01,0,0.0546383180502561,4.937957643719428e-06
2697,현장서비스 관리,0.01,0,0.0546383180502561,4.937957643719428e-06
2698,건물내 안전 관리,0.01,0,0.0546383180502561,4.937957643719428e-06
2699,트러블 슈팅,0.01,0,0.0546383180502561,4.937957643719428e-06
2700,내부 회계 업무 처리,0.01,0,0.0546383180502561,4.937957643719428e-06
2701,자재 재고 파악,0.01,0,0.0546383180502561,4.937957643719428e-06
2702,산재고용보험신고,0.01,0,0.0546383180502561,4.937957643719428e-06
2703,전자회로 검토,0.01,0,0.0546383180502561,4.937957643719428e-06
2704,식자재 창고관리보조,0.01,0,0.0546383180502561,4.937957643719428e-06
2705,직업훈련기관 경력,0.01,0,0.0546383180502561,4.937957643719428e-06
2706,방화관리자1급,0.01,0,0.0546383180502561,4.937957643719428e-06
2707,지역사회 기여도,0.01,0,0.0546383180502561,4.937957643719428e-06
2708,A 게시판 문의 답변,0.01,0,0.0546383180502561,4.937957643719428e-06
2709,인원 투입 계획,0.01,0,0.0546383180502561,4.937957643719428e-06
2710,의료세탁,0.01,0,0.0546383180502561,4.937957643719428e-06
2711,건축관련 학과 졸업,0.01,0,0.0546383180502561,4.937957643719428e-06
2712,종합건설 근무경험,0.01,0,0.0546383180502561,4.937957643719428e-06
2713,사업계획 수립,0.01,0,0.0546383180502561,4.937957643719428e-06
2714,샤링,0.01,0,0.0546383180502561,4.937957643719428e-06
2715,자동차전용선박,0.01,0,0.0546383180502561,4.937957643719428e-06
2716,금융조달,0.01,0,0.0546383180502561,4.937957643719428e-06
2717,향장학,0.01,0,0.0546383180502561,4.937957643719428e-06
2718,기초적인 회계처리,0.01,0,0.0546383180502561,4.937957643719428e-06
2719,HOUSE FUND 확인하기,0.01,0,0.0546383180502561,4.937957643719428e-06
2720,행정서류 관리,0.01,0,0.0546383180502561,4.937957643719428e-06
2721,주요 품질 지표 관리,0.01,0,0.0546383180502561,4.937957643719428e-06
2722,기본적인 영어 회화 가능자,0.01,0,0.0546383180502561,4.937957643719428e-06
2723,조직 관리하기,0.01,0,0.0546383180502561,4.937957643719428e-06
2724,운영 또는 참여 경험,0.01,0,0.0546383180502561,4.937957643719428e-06
2725,재무회계 결산,0.01,0,0.0546383180502561,4.937957643719428e-06
2726,EDI 사용 유경험자,0.01,0,0.0546383180502561,4.937957643719428e-06
2727,회의 기획,0.01,0,0.0546383180502561,4.937957643719428e-06
2728,간호조무사 자격증 소지자,0.01,0,0.0546383180502561,4.937957643719428e-06
2729,단가 관리,0.01,0,0.0546383180502561,4.937957643719428e-06
2730,제품단가 계산,0.01,0,0.0546383180502561,4.937957643719428e-06
2731,상품 구매,0.01,0,0.0546383180502561,4.937957643719428e-06
2732,외국인 직원 관리,0.01,0,0.0546383180502561,4.937957643719428e-06
2733,외부공시업무,0.01,0,0.0546383180502561,4.937957643719428e-06
2734,캐드 물량산출,0.01,0,0.0546383180502561,4.937957643719428e-06
2735,생산 시설관리,0.01,0,0.0546383180502561,4.937957643719428e-06
2736,보세창고 수출,0.01,0,0.0546383180502561,4.937957643719428e-06
2737,게시판 관리,0.01,0,0.0546383180502561,4.937957643719428e-06
2738,SNS 콘텐츠 기획,0.01,0,0.0546383180502561,4.937957643719428e-06
2739,리치 지게차,0.01,0,0.0546383180502561,4.937957643719428e-06
2740,NATIVE ANDROID APP,0.01,0,0.0546383180502561,4.937957643719428e-06
2741,회장님 비서업무,0.01,0,0.0546383180502561,4.937957643719428e-06
2742,행정업무가 필요합니다.,0.01,0,0.0546383180502561,4.937957643719428e-06
2743,조직문화 현황 분석하기,0.01,0,0.0546383180502561,4.937957643719428e-06
2744,PAID OUT 처리하기,0.01,0,0.0546383180502561,4.937957643719428e-06
2745,조직 관리,0.01,0,0.0546383180502561,4.937957643719428e-06
2746,냉난방 관리,0.01,0,0.0546383180502561,4.937957643719428e-06
2747,엑셀 VBA,0.01,0,0.0546383180502561,4.937957643719428e-06
2748,노무법인 사무원,0.01,0,0.0546383180502561,4.937957643719428e-06
2749,차입금,0.01,0,0.0546383180502561,4.937957643719428e-06
2750,앱스토어,0.01,0,0.0546383180502561,4.937957643719428e-06
2751,상담센터 경력자,0.01,0,0.0546383180502561,4.937957643719428e-06
2752,XERP 프로그램 사용,0.01,0,0.0546383180502561,4.937957643719428e-06
2753,품질관리 조직 구성하기,0.01,0,0.0546383180502561,4.937957643719428e-06
2754,간단한 홈페이지 관리,0.01,0,0.0546383180502561,4.937957643719428e-06
2755,기타 PC업무,0.01,0,0.0546383180502561,4.937957643719428e-06
2756,자동화된 배포,0.01,0,0.0546383180502561,4.937957643719428e-06
2757,웹 인프라 구축,0.01,0,0.0546383180502561,4.937957643719428e-06
2758,비품 구매하기,0.01,0,0.0546383180502561,4.937957643719428e-06
2759,제도기능사,0.01,0,0.0546383180502561,4.937957643719428e-06
2760,유공압 부품,0.01,0,0.0546383180502561,4.937957643719428e-06
2761,준공 서류 청구,0.01,0,0.0546383180502561,4.937957643719428e-06
2762,복합운송운임 산정하기,0.01,0,0.0546383180502561,4.937957643719428e-06
2763,해외선주의 국내 대리인으로 각종 업무 대행,0.01,0,0.0546383180502561,4.937957643719428e-06
2764,점주님 문의 사항 해결,0.01,0,0.0546383180502561,4.937957643719428e-06
2765,일용직 근로자 관리,0.01,0,0.0546383180502561,4.937957643719428e-06
2766,일반서무,0.01,0,0.0546383180502561,4.937957643719428e-06
2767,과제관리,0.01,0,0.0546383180502561,4.937957643719428e-06
2768,영업 대응,0.01,0,0.0546383180502561,4.937957643719428e-06
2769,MYBATIS,0.01,0,0.0546383180502561,4.937957643719428e-06
2770,비용 효율성 극대화,0.01,0,0.0546383180502561,4.937957643719428e-06
2771,기업고객 비대면 상담하기,0.01,0,0.0546383180502561,4.937957643719428e-06
2772,CCTV 개발,0.01,0,0.0546383180502561,4.937957643719428e-06
2773,국내외 인증기준 확인하기,0.01,0,0.0546383180502561,4.937957643719428e-06
2774,CONTAINER 배차사무,0.01,0,0.0546383180502561,4.937957643719428e-06
2775,분양상품 파악하기,0.01,0,0.0546383180502561,4.937957643719428e-06
2776,학교 행정,0.01,0,0.0546383180502561,4.937957643719428e-06
2777,이벤트 프로그램 개발,0.01,0,0.0546383180502561,4.937957643719428e-06
2778,인사 자료 관리,0.01,0,0.0546383180502561,4.937957643719428e-06
2779,위기상황 계획 수립,0.01,0,0.0546383180502561,4.937957643719428e-06
2780,배송일정확인,0.01,0,0.0546383180502561,4.937957643719428e-06
2781,해외 고객사대응,0.01,0,0.0546383180502561,4.937957643719428e-06
2782,이벤트 입찰 프레젠테이션하기,0.01,0,0.0546383180502561,4.937957643719428e-06
2783,입실 손님 응대,0.01,0,0.0546383180502561,4.937957643719428e-06
2784,한약학과,0.01,0,0.0546383180502561,4.937957643719428e-06
2785,건설업현장 관리자,0.01,0,0.0546383180502561,4.937957643719428e-06
2786,퇴원수속하기,0.01,0,0.0546383180502561,4.937957643719428e-06
2787,폐기물처리 공사 수주 영업,0.01,0,0.0546383180502561,4.937957643719428e-06
2788,거래약정 실행하기,0.01,0,0.0546383180502561,4.937957643719428e-06
2789,신규 외주업체 개발,0.01,0,0.0546383180502561,4.937957643719428e-06
2790,파워포인트 사용 가능자,0.01,0,0.0546383180502561,4.937957643719428e-06
2791,알루미늄 제작,0.01,0,0.0546383180502561,4.937957643719428e-06
2792,서보제어,0.01,0,0.0546383180502561,4.937957643719428e-06
2793,부동산 시행 총괄업무,0.01,0,0.0546383180502561,4.937957643719428e-06
2794,해외 영업 마케팅 기획,0.01,0,0.0546383180502561,4.937957643719428e-06
2795,원가업무,0.01,0,0.0546383180502561,4.937957643719428e-06
2796,선체품질,0.01,0,0.0546383180502561,4.937957643719428e-06
2797,실습교과목 관련 서류작업,0.01,0,0.0546383180502561,4.937957643719428e-06
2798,DBA,0.01,0,0.0546383180502561,4.937957643719428e-06
2799,진도관리,0.01,0,0.0546383180502561,4.937957643719428e-06
2800,세무기장정리,0.01,0,0.0546383180502561,4.937957643719428e-06
2801,제품 프레젠테이션,0.01,0,0.0546383180502561,4.937957643719428e-06
2802,거래선AS,0.01,0,0.0546383180502561,4.937957643719428e-06
2803,반려동물제품,0.01,0,0.0546383180502561,4.937957643719428e-06
2804,토목용 PC 생산관리,0.01,0,0.0546383180502561,4.937957643719428e-06
2805,상세페이지디자인,0.01,0,0.0546383180502561,4.937957643719428e-06
2806,농산물유통,0.01,0,0.0546383180502561,4.937957643719428e-06
2807,블로그작업,0.01,0,0.0546383180502561,4.937957643719428e-06
2808,자재 입고일정 확인,0.01,0,0.0546383180502561,4.937957643719428e-06
2809,시스템 계획하기,0.01,0,0.0546383180502561,4.937957643719428e-06
2810,건축관련 업무,0.01,0,0.0546383180502561,4.937957643719428e-06
2811,일학습병행 사업,0.01,0,0.0546383180502561,4.937957643719428e-06
2812,물품 발송,0.01,0,0.0546383180502561,4.937957643719428e-06
2813,모니터링 시스템 개발 경험,0.01,0,0.0546383180502561,4.937957643719428e-06
2814,결함 작성,0.01,0,0.0546383180502561,4.937957643719428e-06
2815,전기 무제한 안전관리자 자격,0.01,0,0.0546383180502561,4.937957643719428e-06
2816,그 외 디자인 관련 업무,0.01,0,0.0546383180502561,4.937957643719428e-06
2817,스타트업 공동창업,0.01,0,0.0546383180502561,4.937957643719428e-06
2818,펀칭프레스 머신,0.01,0,0.0546383180502561,4.937957643719428e-06
2819,금속공사,0.01,0,0.0546383180502561,4.937957643719428e-06
2820,토목기사,0.01,0,0.0546383180502561,4.937957643719428e-06
2821,전산 프로그램 관리,0.01,0,0.0546383180502561,4.937957643719428e-06
2822,기항,0.01,0,0.0546383180502561,4.937957643719428e-06
2823,UNITY3D,0.01,0,0.0546383180502561,4.937957643719428e-06
2824,산학일체형 도제학교 참여기업 발굴,0.01,0,0.0546383180502561,4.937957643719428e-06
2825,간단한 컴퓨터 프로그래밍 능력,0.01,0,0.0546383180502561,4.937957643719428e-06
2826,ERP업무관리,0.01,0,0.0546383180502561,4.937957643719428e-06
2827,각종 업무 서류 처리,0.01,0,0.0546383180502561,4.937957643719428e-06
2828,ORT 시료 분할,0.01,0,0.0546383180502561,4.937957643719428e-06
2829,정보보안시스템 구축,0.01,0,0.0546383180502561,4.937957643719428e-06
2830,수출입계약서 검토하기,0.01,0,0.0546383180502561,4.937957643719428e-06
2831,HACCP 생산서류,0.01,0,0.0546383180502561,4.937957643719428e-06
2832,개인 결산조정,0.01,0,0.0546383180502561,4.937957643719428e-06
2833,일일마감,0.01,0,0.0546383180502561,4.937957643719428e-06
2834,공종별 계통도 작성,0.01,0,0.0546383180502561,4.937957643719428e-06
2835,건설현장관리,0.01,0,0.0546383180502561,4.937957643719428e-06
2836,장애 처리 결과 보고,0.01,0,0.0546383180502561,4.937957643719428e-06
2837,조선 기자재,0.01,0,0.0546383180502561,4.937957643719428e-06
2838,UX,0.01,0,0.0546383180502561,4.937957643719428e-06
2839,생산품 전산 등록,0.01,0,0.0546383180502561,4.937957643719428e-06
2840,제작일정 수립하기,0.01,0,0.0546383180502561,4.937957643719428e-06
2841,외부환경분석,0.01,0,0.0546383180502561,4.937957643719428e-06
2842,시장조사,0.01,0,0.0546383180502561,4.937957643719428e-06
2843,머신러닝,0.01,0,0.0546383180502561,4.937957643719428e-06
2844,검색광고,0.01,0,0.0546383180502561,4.937957643719428e-06
2845,고시원 마케팅,0.01,0,0.0546383180502561,4.937957643719428e-06
2846,학사업무,0.01,0,0.0546383180502561,4.937957643719428e-06
2847,해무업무,0.01,0,0.0546383180502561,4.937957643719428e-06
2848,영어 읽고 쓰기,0.01,0,0.0546383180502561,4.937957643719428e-06
2849,하수관로 유지보수,0.01,0,0.0546383180502561,4.937957643719428e-06
2850,임가공수책관리,0.01,0,0.0546383180502561,4.937957643719428e-06
2851,요양원 운영,0.01,0,0.0546383180502561,4.937957643719428e-06
2852,건설실적신고,0.01,0,0.0546383180502561,4.937957643719428e-06
2853,정보통신공사관련 업무,0.01,0,0.0546383180502561,4.937957643719428e-06
2854,UX 사용성 검증,0.01,0,0.0546383180502561,4.937957643719428e-06
2855,엑셀 작성,0.01,0,0.0546383180502561,4.937957643719428e-06
2856,가구 생산직,0.01,0,0.0546383180502561,4.937957643719428e-06
2857,영업 발주 관리,0.01,0,0.0546383180502561,4.937957643719428e-06
2858,테스트 수행,0.01,0,0.0546383180502561,4.937957643719428e-06
2859,시설물 유지 관리,0.01,0,0.0546383180502561,4.937957643719428e-06
2860,작업 지시서 내용,0.01,0,0.0546383180502561,4.937957643719428e-06
2861,LOCALIZATION,0.01,0,0.0546383180502561,4.937957643719428e-06
2862,약학,0.01,0,0.0546383180502561,4.937957643719428e-06
2863,외항선박의 수리,0.01,0,0.0546383180502561,4.937957643719428e-06
2864,광고물 제작,0.01,0,0.0546383180502561,4.937957643719428e-06
2865,장애 응대,0.01,0,0.0546383180502561,4.937957643719428e-06
2866,생산실적관리,0.01,0,0.0546383180502561,4.937957643719428e-06
2867,실적현황관리,0.01,0,0.0546383180502561,4.937957643719428e-06
2868,생산공정개선,0.01,0,0.0546383180502561,4.937957643719428e-06
2869,활동경력,0.01,0,0.0546383180502561,4.937957643719428e-06
2870,수량산출서 작성,0.01,0,0.0546383180502561,4.937957643719428e-06
2871,진료예약,0.01,0,0.0546383180502561,4.937957643719428e-06
2872,바우처대상 관리,0.01,0,0.0546383180502561,4.937957643719428e-06
2873,건축 현장 공사관리 경험자,0.01,0,0.0546383180502561,4.937957643719428e-06
2874,불만 사항 분석,0.01,0,0.0546383180502561,4.937957643719428e-06
2875,CAD도면 작성,0.01,0,0.0546383180502561,4.937957643719428e-06
2876,다양한 마케팅 채널에 관심이 많고 이해도가 높으신 분,0.01,0,0.0546383180502561,4.937957643719428e-06
2877,회계 겸직,0.01,0,0.0546383180502561,4.937957643719428e-06
2878,공중낙하균,0.01,0,0.0546383180502561,4.937957643719428e-06
2879,보안업무,0.01,0,0.0546383180502561,4.937957643719428e-06
2880,수출품 발송,0.01,0,0.0546383180502561,4.937957643719428e-06
2881,전자태그 기계사용,0.01,0,0.0546383180502561,4.937957643719428e-06
2882,외부환경 분석하기,0.01,0,0.0546383180502561,4.937957643719428e-06
2883,현장 확인,0.01,0,0.0546383180502561,4.937957643719428e-06
2884,현장 총괄 책임,0.01,0,0.0546383180502561,4.937957643719428e-06
2885,생산외주관리,0.01,0,0.0546383180502561,4.937957643719428e-06
2886,사업설명회 개최,0.01,0,0.0546383180502561,4.937957643719428e-06
2887,훈련비용 수입,0.01,0,0.0546383180502561,4.937957643719428e-06
2888,보 우대,0.01,0,0.0546383180502561,4.937957643719428e-06
2889,HRD 행정,0.01,0,0.0546383180502561,4.937957643719428e-06
2890,영사기능사 자격증 소지자,0.01,0,0.0546383180502561,4.937957643719428e-06
2891,학과 경력자,0.01,0,0.0546383180502561,4.937957643719428e-06
2892,근로기준법 관련 업무,0.01,0,0.0546383180502561,4.937957643719428e-06
2893,환송하기,0.01,0,0.0546383180502561,4.937957643719428e-06
2894,컴퓨터 활용기능사,0.01,0,0.0546383180502561,4.937957643719428e-06
2895,부가세 관리,0.01,0,0.0546383180502561,4.937957643719428e-06
2896,항공화물 통관하기,0.01,0,0.0546383180502561,4.937957643719428e-06
2897,제품안내,0.01,0,0.0546383180502561,4.937957643719428e-06
2898,선.후행 관철 의장 자재,0.01,0,0.0546383180502561,4.937957643719428e-06
2899,진료비 수납하기,0.01,0,0.0546383180502561,4.937957643719428e-06
2900,행정 업무 전담,0.01,0,0.0546383180502561,4.937957643719428e-06
2901,주택건설 행정업무,0.01,0,0.0546383180502561,4.937957643719428e-06
2902,프로그램자,0.01,0,0.0546383180502561,4.937957643719428e-06
2903,기업교육관련 운영,0.01,0,0.0546383180502561,4.937957643719428e-06
2904,MARKETING,0.01,0,0.0546383180502561,4.937957643719428e-06
2905,수리 통보,0.01,0,0.0546383180502561,4.937957643719428e-06
2906,업무 프로세스 재설계,0.01,0,0.0546383180502561,4.937957643719428e-06
2907,FITTING,0.01,0,0.0546383180502561,4.937957643719428e-06
2908,발주서 작업지시 관리,0.01,0,0.0546383180502561,4.937957643719428e-06
2909,이카운트ERP 관리,0.01,0,0.0546383180502561,4.937957643719428e-06
2910,냉동고추 세척,0.01,0,0.0546383180502561,4.937957643719428e-06
2911,회사주변 관리,0.01,0,0.0546383180502561,4.937957643719428e-06
2912,마케팅 캠페인 기획,0.01,0,0.0546383180502561,4.937957643719428e-06
2913,정보통신선로 검토,0.01,0,0.0546383180502561,4.937957643719428e-06
2914,도금 품질관리,0.01,0,0.0546383180502561,4.937957643719428e-06
2915,안드로이드 앱 개발,0.01,0,0.0546383180502561,4.937957643719428e-06
2916,타올 제조 공정 생산 기술,0.01,0,0.0546383180502561,4.937957643719428e-06
2917,비서직 경력자,0.01,0,0.0546383180502561,4.937957643719428e-06
2918,빅데이터 플랫폼 인프라구조 설계,0.01,0,0.0546383180502561,4.937957643719428e-06
2919,자사 SNS 관리,0.01,0,0.0546383180502561,4.937957643719428e-06
2920,중장기 생산계획 수립,0.01,0,0.0546383180502561,4.937957643719428e-06
2921,라인업무,0.01,0,0.0546383180502561,4.937957643719428e-06
2922,VISUAL BASIC,0.01,0,0.0546383180502561,4.937957643719428e-06
2923,해외 발주 관리,0.01,0,0.0546383180502561,4.937957643719428e-06
2924,인터넷 판매 업무 경험자,0.01,0,0.0546383180502561,4.937957643719428e-06
2925,MY-SQL,0.01,0,0.0546383180502561,4.937957643719428e-06
2926,전산 처리 업무,0.01,0,0.0546383180502561,4.937957643719428e-06
2927,엑셀 등 활용이 능숙한 자,0.01,0,0.0546383180502561,4.937957643719428e-06
2928,비즈니스 영어,0.01,0,0.0546383180502561,4.937957643719428e-06
2929,바리스타 자격 소지자,0.01,0,0.0546383180502561,4.937957643719428e-06
2930,위기대응 네트워크 구축,0.01,0,0.0546383180502561,4.937957643719428e-06
2931,교육용 컨텐츠 납품,0.01,0,0.0546383180502561,4.937957643719428e-06
2932,장부작성대리,0.01,0,0.0546383180502561,4.937957643719428e-06
2933,중등교원자격,0.01,0,0.0546383180502561,4.937957643719428e-06
2934,매니저 경력,0.01,0,0.0546383180502561,4.937957643719428e-06
2935,식품 제조관리,0.01,0,0.0546383180502561,4.937957643719428e-06
2936,설비 유지보수,0.01,0,0.0546383180502561,4.937957643719428e-06
2937,관세사무소,0.01,0,0.0546383180502561,4.937957643719428e-06
2938,유연한 스케줄,0.01,0,0.0546383180502561,4.937957643719428e-06
2939,회원 접수,0.01,0,0.0546383180502561,4.937957643719428e-06
2940,매출 매입 세금계산서 관리,0.01,0,0.0546383180502561,4.937957643719428e-06
2941,신탁,0.01,0,0.0546383180502561,4.937957643719428e-06
2942,세무 보조 업무,0.01,0,0.0546383180502561,4.937957643719428e-06
2943,투영기 사용,0.01,0,0.0546383180502561,4.937957643719428e-06
2944,주방 보조업무,0.01,0,0.0546383180502561,4.937957643719428e-06
2945,부동산 금융상담,0.01,0,0.0546383180502561,4.937957643719428e-06
2946,분체도장,0.01,0,0.0546383180502561,4.937957643719428e-06
2947,요가 클래스,0.01,0,0.0546383180502561,4.937957643719428e-06
2948,자차 운전 가능자,0.01,0,0.0546383180502561,4.937957643719428e-06
2949,철강유통 영업 경험자,0.01,0,0.0546383180502561,4.937957643719428e-06
2950,소규모 들녁 사업계획 용역,0.01,0,0.0546383180502561,4.937957643719428e-06
2951,피복지급,0.01,0,0.0546383180502561,4.937957643719428e-06
2952,기본공문서 작성,0.01,0,0.0546383180502561,4.937957643719428e-06
2953,HW 개발 외주 관리,0.01,0,0.0546383180502561,4.937957643719428e-06
2954,본사 사무 업무 지원,0.01,0,0.0546383180502561,4.937957643719428e-06
2955,유연한 사고,0.01,0,0.0546383180502561,4.937957643719428e-06
2956,이동관리,0.01,0,0.0546383180502561,4.937957643719428e-06
2957,전직원 근태관리,0.01,0,0.0546383180502561,4.937957643719428e-06
2958,기획안 작성,0.01,0,0.0546383180502561,4.937957643719428e-06
2959,여행샘플상품 구성,0.01,0,0.0546383180502561,4.937957643719428e-06
2960,영양사 경력,0.01,0,0.0546383180502561,4.937957643719428e-06
2961,테스트 보고서 작성,0.01,0,0.0546383180502561,4.937957643719428e-06
2962,자체 결산 능력자,0.01,0,0.0546383180502561,4.937957643719428e-06
2963,소통 역량,0.01,0,0.0546383180502561,4.937957643719428e-06
2964,초동 장애처리,0.01,0,0.0546383180502561,4.937957643719428e-06
2965,KS인증유지,0.01,0,0.0546383180502561,4.937957643719428e-06
2966,액상로터리,0.01,0,0.0546383180502561,4.937957643719428e-06
2967,대내외 행사,0.01,0,0.0546383180502561,4.937957643719428e-06
2968,스타렉스 운전,0.01,0,0.0546383180502561,4.937957643719428e-06
2969,엑셀 작업숙련자,0.01,0,0.0546383180502561,4.937957643719428e-06
2970,정보검색,0.01,0,0.0546383180502561,4.937957643719428e-06
2971,운영인원 관리,0.01,0,0.0546383180502561,4.937957643719428e-06
2972,임금조정안 수립하기,0.01,0,0.0546383180502561,4.937957643719428e-06
2973,수행비서,0.01,0,0.0546383180502561,4.937957643719428e-06
2974,CSS5,0.01,0,0.0546383180502561,4.937957643719428e-06
2975,TCP,0.01,0,0.0546383180502561,4.937957643719428e-06
2976,박스 포장,0.01,0,0.0546383180502561,4.937957643719428e-06
2977,현장 공사업무,0.01,0,0.0546383180502561,4.937957643719428e-06
2978,리그 정산,0.01,0,0.0546383180502561,4.937957643719428e-06
2979,현장시공경력,0.01,0,0.0546383180502561,4.937957643719428e-06
2980,영어활용,0.01,0,0.0546383180502561,4.937957643719428e-06
2981,납품 겸직,0.01,0,0.0546383180502561,4.937957643719428e-06
2982,PF조달업무 경험,0.01,0,0.0546383180502561,4.937957643719428e-06
2983,생산 준비하기,0.01,0,0.0546383180502561,4.937957643719428e-06
2984,거래선 사후 관리,0.01,0,0.0546383180502561,4.937957643719428e-06
2985,제품 TEST,0.01,0,0.0546383180502561,4.937957643719428e-06
2986,공무 관리,0.01,0,0.0546383180502561,4.937957643719428e-06
2987,사무기기 설치,0.01,0,0.0546383180502561,4.937957643719428e-06
2988,대금 청구,0.01,0,0.0546383180502561,4.937957643719428e-06
2989,공무 견적,0.01,0,0.0546383180502561,4.937957643719428e-06
2990,조적,0.01,0,0.0546383180502561,4.937957643719428e-06
2991,데이터 모델링,0.01,0,0.0546383180502561,4.937957643719428e-06
2992,환경인허가관리,0.01,0,0.0546383180502561,4.937957643719428e-06
2993,수장,0.01,0,0.0546383180502561,4.937957643719428e-06
2994,수입 사후관리하기,0.01,0,0.0546383180502561,4.937957643719428e-06
2995,문서 기획 작성,0.01,0,0.0546383180502561,4.937957643719428e-06
2996,제조공정 운영,0.01,0,0.0546383180502561,4.937957643719428e-06
2997,관계사 관리 업무,0.01,0,0.0546383180502561,4.937957643719428e-06
2998,소프트웨어 설계하기,0.01,0,0.0546383180502561,4.937957643719428e-06
2999,보상 업무 기획,0.01,0,0.0546383180502561,4.937957643719428e-06
3000,IT INFRA 신규설치,0.01,0,0.0546383180502561,4.937957643719428e-06
3001,서비스 실행,0.01,0,0.0546383180502561,4.937957643719428e-06
3002,인터로킹,0.01,0,0.0546383180502561,4.937957643719428e-06
3003,인터넷 활용,0.01,0,0.0546383180502561,4.937957643719428e-06
3004,조직 활성화 프로그램 기획,0.01,0,0.0546383180502561,4.937957643719428e-06
3005,해외시장 조사하기,0.01,0,0.0546383180502561,4.937957643719428e-06
3006,거래처 개척,0.01,0,0.0546383180502561,4.937957643719428e-06
3007,쇼핑몰관련 프로그램 사용,0.01,0,0.0546383180502561,4.937957643719428e-06
3008,현설 입찰 견적작업,0.01,0,0.0546383180502561,4.937957643719428e-06
3009,대외 자료 작성,0.01,0,0.0546383180502561,4.937957643719428e-06
3010,IOT 기반 시스템 구성,0.01,0,0.0546383180502561,4.937957643719428e-06
3011,중국 EDI 전송,0.01,0,0.0546383180502561,4.937957643719428e-06
3012,매출 판매 관리,0.01,0,0.0546383180502561,4.937957643719428e-06
3013,품질관리 업무분장하기,0.01,0,0.0546383180502561,4.937957643719428e-06
3014,운영평가 관리,0.01,0,0.0546383180502561,4.937957643719428e-06
3015,공간 프로그램 기획,0.01,0,0.0546383180502561,4.937957643719428e-06
3016,BIG DATA PLATFORM,0.01,0,0.0546383180502561,4.937957643719428e-06
3017,회계감사 적격증빙실무 처리하기,0.01,0,0.0546383180502561,4.937957643719428e-06
3018,사회적경제기업 또는 비영리법인 근무경력,0.01,0,0.0546383180502561,4.937957643719428e-06
3019,근무환경 조성,0.01,0,0.0546383180502561,4.937957643719428e-06
3020,코렐로 도면 작업,0.01,0,0.0546383180502561,4.937957643719428e-06
3021,영어 의사소통 가능자,0.01,0,0.0546383180502561,4.937957643719428e-06
3022,연결 재무제표 작성,0.01,0,0.0546383180502561,4.937957643719428e-06
3023,사업소득 관리,0.01,0,0.0546383180502561,4.937957643719428e-06
3024,입찰 참여,0.01,0,0.0546383180502561,4.937957643719428e-06
3025,서비스 수준 정의하기,0.01,0,0.0546383180502561,4.937957643719428e-06
3026,고객 불만 접수ㆍ확인하기,0.01,0,0.0546383180502561,4.937957643719428e-06
3027,조경현장관리,0.01,0,0.0546383180502561,4.937957643719428e-06
3028,공사내역 사무 업무,0.01,0,0.0546383180502561,4.937957643719428e-06
3029,완제품 라벨출력,0.01,0,0.0546383180502561,4.937957643719428e-06
3030,전기분야,0.01,0,0.0546383180502561,4.937957643719428e-06
3031,RF MODULE,0.01,0,0.0546383180502561,4.937957643719428e-06
3032,ARTWORK 검토,0.01,0,0.0546383180502561,4.937957643719428e-06
3033,영작,0.01,0,0.0546383180502561,4.937957643719428e-06
3034,재고 매뉴얼 작성하기,0.01,0,0.0546383180502561,4.937957643719428e-06
3035,신상품 개발,0.01,0,0.0546383180502561,4.937957643719428e-06
3036,대학 회계,0.01,0,0.0546383180502561,4.937957643719428e-06
3037,방문요양,0.01,0,0.0546383180502561,4.937957643719428e-06
3038,생산라인 관리자,0.01,0,0.0546383180502561,4.937957643719428e-06
3039,기타 생산 보조 업무,0.01,0,0.0546383180502561,4.937957643719428e-06
3040,제품설계,0.01,0,0.0546383180502561,4.937957643719428e-06
3041,건축현장 공사관리,0.01,0,0.0546383180502561,4.937957643719428e-06
3042,HACCP 기준서 관리,0.01,0,0.0546383180502561,4.937957643719428e-06
3043,ANDROID,0.01,0,0.0546383180502561,4.937957643719428e-06
3044,이공계열 학과 전공,0.01,0,0.0546383180502561,4.937957643719428e-06
3045,EMBEDDED개발,0.01,0,0.0546383180502561,4.937957643719428e-06
3046,중국어 통역,0.01,0,0.0546383180502561,4.937957643719428e-06
3047,전산세무 2급 자격증,0.01,0,0.0546383180502561,4.937957643719428e-06
3048,원활한 커뮤니케이션 능력과 긍정적인 마인드 소지자,0.01,0,0.0546383180502561,4.937957643719428e-06
3049,스크린골프장 운영,0.01,0,0.0546383180502561,4.937957643719428e-06
3050,농산식품 유통정보 관리하기,0.01,0,0.0546383180502561,4.937957643719428e-06
3051,자바스크립트,0.01,0,0.0546383180502561,4.937957643719428e-06
3052,의료소모품 관리,0.01,0,0.0546383180502561,4.937957643719428e-06
3053,보험료 수납,0.01,0,0.0546383180502561,4.937957643719428e-06
3054,배치 프로그램 구현,0.01,0,0.0546383180502561,4.937957643719428e-06
3055,SCADA,0.01,0,0.0546383180502561,4.937957643719428e-06
3056,교수 교류,0.01,0,0.0546383180502561,4.937957643719428e-06
3057,외주 협력사 작업지시,0.01,0,0.0546383180502561,4.937957643719428e-06
3058,자재수급 파악하기,0.01,0,0.0546383180502561,4.937957643719428e-06
3059,12C,0.01,0,0.0546383180502561,4.937957643719428e-06
3060,모터 제어 소프트웨어 연구,0.01,0,0.0546383180502561,4.937957643719428e-06
3061,기계설비 운용,0.01,0,0.0546383180502561,4.937957643719428e-06
3062,프로젝트관리,0.01,0,0.0546383180502561,4.937957643719428e-06
3063,원청사 협의,0.01,0,0.0546383180502561,4.937957643719428e-06
3064,선적 업무,0.01,0,0.0546383180502561,4.937957643719428e-06
3065,경영컨설팅,0.01,0,0.0546383180502561,4.937957643719428e-06
3066,온.오프보딩,0.01,0,0.0546383180502561,4.937957643719428e-06
3067,부동산 시행,0.01,0,0.0546383180502561,4.937957643719428e-06
3068,SSR,0.01,0,0.0546383180502561,4.937957643719428e-06
3069,발주처,0.01,0,0.0546383180502561,4.937957643719428e-06
3070,경영실적 분석하기,0.01,0,0.0546383180502561,4.937957643719428e-06
3071,보도자료 작성,0.01,0,0.0546383180502561,4.937957643719428e-06
3072,인공지능,0.01,0,0.0546383180502561,4.937957643719428e-06
3073,이질적 혼합현실 객체 증강,0.01,0,0.0546383180502561,4.937957643719428e-06
3074,매입마감 관리,0.01,0,0.0546383180502561,4.937957643719428e-06
3075,신규거래처 개발,0.01,0,0.0546383180502561,4.937957643719428e-06
3076,대형견인,0.01,0,0.0546383180502561,4.937957643719428e-06
3077,온라인광고,0.01,0,0.0546383180502561,4.937957643719428e-06
3078,화장품 OEM,0.01,0,0.0546383180502561,4.937957643719428e-06
3079,조도 점검,0.01,0,0.0546383180502561,4.937957643719428e-06
3080,품질 보고서 작성,0.01,0,0.0546383180502561,4.937957643719428e-06
3081,업무지시 관리,0.01,0,0.0546383180502561,4.937957643719428e-06
3082,공사 관리,0.01,0,0.0546383180502561,4.937957643719428e-06
3083,엑셀 중급이상,0.01,0,0.0546383180502561,4.937957643719428e-06
3084,기계정비,0.01,0,0.0546383180502561,4.937957643719428e-06
3085,통계분석능숙자,0.01,0,0.0546383180502561,4.937957643719428e-06
3086,1톤차 운행,0.01,0,0.0546383180502561,4.937957643719428e-06
3087,수출입운송보험,0.01,0,0.0546383180502561,4.937957643719428e-06
3088,MAPPING,0.01,0,0.0546383180502561,4.937957643719428e-06
3089,운전능력,0.01,0,0.0546383180502561,4.937957643719428e-06
3090,생산공정 개선,0.01,0,0.0546383180502561,4.937957643719428e-06
3091,회계 경리사원,0.01,0,0.0546383180502561,4.937957643719428e-06
3092,산재보험급여 청구 대리업무,0.01,0,0.0546383180502561,4.937957643719428e-06
3093,매출계산서발행,0.01,0,0.0546383180502561,4.937957643719428e-06
3094,안드로이드 스마트워치,0.01,0,0.0546383180502561,4.937957643719428e-06
3095,물류 이동 지원,0.01,0,0.0546383180502561,4.937957643719428e-06
3096,조정계산서 작성,0.01,0,0.0546383180502561,4.937957643719428e-06
3097,W 버전 검증,0.01,0,0.0546383180502561,4.937957643719428e-06
3098,관리비 체납자 관리하기,0.01,0,0.0546383180502561,4.937957643719428e-06
3099,품질 분석 결과 관리,0.01,0,0.0546383180502561,4.937957643719428e-06
3100,관련 장비 설계,0.01,0,0.0546383180502561,4.937957643719428e-06
3101,TEPS 710점,0.01,0,0.0546383180502561,4.937957643719428e-06
3102,양산 진행,0.01,0,0.0546383180502561,4.937957643719428e-06
3103,대행사 관리,0.01,0,0.0546383180502561,4.937957643719428e-06
3104,품질규격 부적합 관리하기,0.01,0,0.0546383180502561,4.937957643719428e-06
3105,소방점검 위탁 거래처 관리,0.01,0,0.0546383180502561,4.937957643719428e-06
3106,국제 비즈니스매너 습득하기,0.01,0,0.0546383180502561,4.937957643719428e-06
3107,UNITY,0.01,0,0.0546383180502561,4.937957643719428e-06
3108,중국 지사 관리,0.01,0,0.0546383180502561,4.937957643719428e-06
3109,담당자 유선 연락,0.01,0,0.0546383180502561,4.937957643719428e-06
3110,복지후생 관리,0.01,0,0.0546383180502561,4.937957643719428e-06
3111,엑셀 중급자 이상,0.01,0,0.0546383180502561,4.937957643719428e-06
3112,콜센터 접수원,0.01,0,0.0546383180502561,4.937957643719428e-06
3113,기준생산계획 수립,0.01,0,0.0546383180502561,4.937957643719428e-06
3114,POP,0.01,0,0.0546383180502561,4.937957643719428e-06
3115,급여대장 관리,0.01,0,0.0546383180502561,4.937957643719428e-06
3116,입장객 관리,0.01,0,0.0546383180502561,4.937957643719428e-06
3117,RDBMS,0.01,0,0.0546383180502561,4.937957643719428e-06
3118,품질등급,0.01,0,0.0546383180502561,4.937957643719428e-06
3119,BOM 등록,0.01,0,0.0546383180502561,4.937957643719428e-06
3120,레미콘생산,0.01,0,0.0546383180502561,4.937957643719428e-06
3121,사무용품 관리,0.01,0,0.0546383180502561,4.937957643719428e-06
3122,화물 택배 배송 관리,0.01,0,0.0546383180502561,4.937957643719428e-06
3123,방송광고 영업,0.01,0,0.0546383180502561,4.937957643719428e-06
3124,경영전반총괄관리업무,0.01,0,0.0546383180502561,4.937957643719428e-06
3125,취합자료 통계작성,0.01,0,0.0546383180502561,4.937957643719428e-06
3126,정보보안 솔루션,0.01,0,0.0546383180502561,4.937957643719428e-06
3127,건설 공무 업무,0.01,0,0.0546383180502561,4.937957643719428e-06
3128,강사 스케줄 관리,0.01,0,0.0546383180502561,4.937957643719428e-06
3129,직원교육,0.01,0,0.0546383180502561,4.937957643719428e-06
3130,HW 장애 처리하기,0.01,0,0.0546383180502561,4.937957643719428e-06
3131,보험사 총무 경력,0.01,0,0.0546383180502561,4.937957643719428e-06
3132,전화 응대하기,0.01,0,0.0546383180502561,4.937957643719428e-06
3133,건설기사,0.01,0,0.0546383180502561,4.937957643719428e-06
3134,건물관리 운영프로그램,0.01,0,0.0546383180502561,4.937957643719428e-06
3135,ERP 코드 관리,0.01,0,0.0546383180502561,4.937957643719428e-06
3136,이벤트 기획,0.01,0,0.0546383180502561,4.937957643719428e-06
3137,생산 현장 안전관리,0.01,0,0.0546383180502561,4.937957643719428e-06
3138,CSS,0.01,0,0.0546383180502561,4.937957643719428e-06
3139,제어용 마이크로콘트롤러,0.01,0,0.0546383180502561,4.937957643719428e-06
3140,차량운전자,0.01,0,0.0546383180502561,4.937957643719428e-06
3141,가스안전,0.01,0,0.0546383180502561,4.937957643719428e-06
3142,공장 등록,0.01,0,0.0546383180502561,4.937957643719428e-06
3143,네트워크 설치,0.01,0,0.0546383180502561,4.937957643719428e-06
3144,대형몰 판매관리,0.01,0,0.0546383180502561,4.937957643719428e-06
3145,체크 아웃,0.01,0,0.0546383180502561,4.937957643719428e-06
3146,우편물 관리하기,0.01,0,0.0546383180502561,4.937957643719428e-06
3147,외래접수,0.01,0,0.0546383180502561,4.937957643719428e-06
3148,경비지도관리,0.01,0,0.0546383180502561,4.937957643719428e-06
3149,일정 변경 관리,0.01,0,0.0546383180502561,4.937957643719428e-06
3150,해외 수출 업무,0.01,0,0.0546383180502561,4.937957643719428e-06
3151,도시재생 사업 지원,0.01,0,0.0546383180502561,4.937957643719428e-06
3152,응용 소프트웨어,0.01,0,0.0546383180502561,4.937957643719428e-06
3153,건축도면 이해,0.01,0,0.0546383180502561,4.937957643719428e-06
3154,재무회계 업무 수행,0.01,0,0.0546383180502561,4.937957643719428e-06
3155,소분 포장하기,0.01,0,0.0546383180502561,4.937957643719428e-06
3156,전자부품 생산하기,0.01,0,0.0546383180502561,4.937957643719428e-06
3157,AWS 사용,0.01,0,0.0546383180502561,4.937957643719428e-06
3158,참가자 프로모션 운영하기,0.01,0,0.0546383180502561,4.937957643719428e-06
3159,고객관리업무,0.01,0,0.0546383180502561,4.937957643719428e-06
3160,내부통제제도 관리,0.01,0,0.0546383180502561,4.937957643719428e-06
3161,LTE 5G 신규 SOFTWARE PACKAGE 현장초도 지원,0.01,0,0.0546383180502561,4.937957643719428e-06
3162,채용 사후관리하기,0.01,0,0.0546383180502561,4.937957643719428e-06
3163,청소활동 전개하기,0.01,0,0.0546383180502561,4.937957643719428e-06
3164,NEXTJS,0.01,0,0.0546383180502561,4.937957643719428e-06
3165,수출신고하기,0.01,0,0.0546383180502561,4.937957643719428e-06
3166,정부 과제 관리,0.01,0,0.0546383180502561,4.937957643719428e-06
3167,원단 샘플 작업,0.01,0,0.0546383180502561,4.937957643719428e-06
3168,모니터링 프로세스 구축,0.01,0,0.0546383180502561,4.937957643719428e-06
3169,알곤용접,0.01,0,0.0546383180502561,4.937957643719428e-06
3170,수산물 검수,0.01,0,0.0546383180502561,4.937957643719428e-06
3171,데이타베이스,0.01,0,0.0546383180502561,4.937957643719428e-06
3172,생산일지 관리,0.01,0,0.0546383180502561,4.937957643719428e-06
3173,순찰,0.01,0,0.0546383180502561,4.937957643719428e-06
3174,지원금 신청 업무,0.01,0,0.0546383180502561,4.937957643719428e-06
3175,기술정보제공,0.01,0,0.0546383180502561,4.937957643719428e-06
3176,국제개발협력관련 업무 유경험,0.01,0,0.0546383180502561,4.937957643719428e-06
3177,자동제어 설계,0.01,0,0.0546383180502561,4.937957643719428e-06
3178,IT관련 전공 이수자,0.01,0,0.0546383180502561,4.937957643719428e-06
3179,자금 일보 작성,0.01,0,0.0546383180502561,4.937957643719428e-06
3180,네이버 스마트플레이스 관리운영,0.01,0,0.0546383180502561,4.937957643719428e-06
3181,자료 수집,0.01,0,0.0546383180502561,4.937957643719428e-06
3182,취업 상담,0.01,0,0.0546383180502561,4.937957643719428e-06
3183,고객서비스 업무,0.01,0,0.0546383180502561,4.937957643719428e-06
3184,완제품창고 관리,0.01,0,0.0546383180502561,4.937957643719428e-06
3185,어플 개발자,0.01,0,0.0546383180502561,4.937957643719428e-06
3186,환경기술인,0.01,0,0.0546383180502561,4.937957643719428e-06
3187,하역비용,0.01,0,0.0546383180502561,4.937957643719428e-06
3188,배송물건 챙기기,0.01,0,0.0546383180502561,4.937957643719428e-06
3189,가스기능사,0.01,0,0.0546383180502561,4.937957643719428e-06
3190,관리사무소 경리업무,0.01,0,0.0546383180502561,4.937957643719428e-06
3191,공장 자동화 설계,0.01,0,0.0546383180502561,4.937957643719428e-06
3192,스마트 스토어 상품 기획 마케팅,0.01,0,0.0546383180502561,4.937957643719428e-06
3193,세차기 관리,0.01,0,0.0546383180502561,4.937957643719428e-06
3194,기본적인 툴 사용,0.01,0,0.0546383180502561,4.937957643719428e-06
3195,입고 전산 관리-ERP,0.01,0,0.0546383180502561,4.937957643719428e-06
3196,회원가입체결상담,0.01,0,0.0546383180502561,4.937957643719428e-06
3197,조이영어 이용 고객으로 전환,0.01,0,0.0546383180502561,4.937957643719428e-06
3198,운송운임 분석하기,0.01,0,0.0546383180502561,4.937957643719428e-06
3199,3D 소품 모델링,0.01,0,0.0546383180502561,4.937957643719428e-06
3200,냉동수산물 내수 판매,0.01,0,0.0546383180502561,4.937957643719428e-06
3201,수출 관련 포워딩 사무업무,0.01,0,0.0546383180502561,4.937957643719428e-06
3202,홀 관리 업무,0.01,0,0.0546383180502561,4.937957643719428e-06
3203,철골 생산관리,0.01,0,0.0546383180502561,4.937957643719428e-06
3204,훈련교사 보수교육,0.01,0,0.0546383180502561,4.937957643719428e-06
3205,동행 서비스,0.01,0,0.0546383180502561,4.937957643719428e-06
3206,PYTORCH,0.01,0,0.0546383180502561,4.937957643719428e-06
3207,사업자 선정하기,0.01,0,0.0546383180502561,4.937957643719428e-06
3208,압출 생산관리,0.01,0,0.0546383180502561,4.937957643719428e-06
3209,GOOGLE,0.01,0,0.0546383180502561,4.937957643719428e-06
3210,발효,0.01,0,0.0546383180502561,4.937957643719428e-06
3211,테스트 자동화 프로그램 개발하기,0.01,0,0.0546383180502561,4.937957643719428e-06
3212,REACTJS,0.01,0,0.0546383180502561,4.937957643719428e-06
3213,후가공확인,0.01,0,0.0546383180502561,4.937957643719428e-06
3214,부동산 개발,0.01,0,0.0546383180502561,4.937957643719428e-06
3215,CHATGPT API 활용,0.01,0,0.0546383180502561,4.937957643719428e-06
3216,밸브 주조품 발주 관리,0.01,0,0.0546383180502561,4.937957643719428e-06
3217,건설경력,0.01,0,0.0546383180502561,4.937957643719428e-06
3218,DATABASE에 대한 기본적인 이해와 SQL작성 능력,0.01,0,0.0546383180502561,4.937957643719428e-06
3219,합병·분할회계 처리하기,0.01,0,0.0546383180502561,4.937957643719428e-06
3220,레미콘 영업,0.01,0,0.0546383180502561,4.937957643719428e-06
3221,1급 소방안전관리자,0.01,0,0.0546383180502561,4.937957643719428e-06
3222,채용 프로세스 전문화,0.01,0,0.0546383180502561,4.937957643719428e-06
3223,일반 행정 신고,0.01,0,0.0546383180502561,4.937957643719428e-06
3224,컴퓨터 조립,0.01,0,0.0546383180502561,4.937957643719428e-06
3225,SPRING FRAMEWORK,0.01,0,0.0546383180502561,4.937957643719428e-06
3226,바이어 발굴하기,0.01,0,0.0546383180502561,4.937957643719428e-06
3227,병원구매관련 업무,0.01,0,0.0546383180502561,4.937957643719428e-06
3228,샌딩작업,0.01,0,0.0546383180502561,4.937957643719428e-06
3229,스프링 경험,0.01,0,0.0546383180502561,4.937957643719428e-06
3230,탱커선 해기사,0.01,0,0.0546383180502561,4.937957643719428e-06
3231,행정사무관리하기,0.01,0,0.0546383180502561,4.937957643719428e-06
3232,조미건어포 생산관리,0.01,0,0.0546383180502561,4.937957643719428e-06
3233,내방객 선별ㆍ응대,0.01,0,0.0546383180502561,4.937957643719428e-06
3234,TOTAL LOGISTICS 업무 처리,0.01,0,0.0546383180502561,4.937957643719428e-06
3235,여행 상담,0.01,0,0.0546383180502561,4.937957643719428e-06
3236,관련문서 관리,0.01,0,0.0546383180502561,4.937957643719428e-06
3237,SMART-A 사용 가능,0.01,0,0.0546383180502561,4.937957643719428e-06
3238,각종 부자재 관리,0.01,0,0.0546383180502561,4.937957643719428e-06
3239,사무 구매,0.01,0,0.0546383180502561,4.937957643719428e-06
3240,토목관련 초급,0.01,0,0.0546383180502561,4.937957643719428e-06
3241,이메일 관리,0.01,0,0.0546383180502561,4.937957643719428e-06
3242,락커룸 관리,0.01,0,0.0546383180502561,4.937957643719428e-06
3243,서비스 장애 처리,0.01,0,0.0546383180502561,4.937957643719428e-06
3244,생활폐기물 처리,0.01,0,0.0546383180502561,4.937957643719428e-06
3245,영어 실력,0.01,0,0.0546383180502561,4.937957643719428e-06
3246,수분양자,0.01,0,0.0546383180502561,4.937957643719428e-06
3247,회사 홈페이지 유지,0.01,0,0.0546383180502561,4.937957643719428e-06
3248,용접기능사,0.01,0,0.0546383180502561,4.937957643719428e-06
3249,훈련 콘셉트 설계,0.01,0,0.0546383180502561,4.937957643719428e-06
3250,개발에 대한 지식과 이해도,0.01,0,0.0546383180502561,4.937957643719428e-06
3251,C 와이어 하네스,0.01,0,0.0546383180502561,4.937957643719428e-06
3252,샵 오픈청소,0.01,0,0.0546383180502561,4.937957643719428e-06
3253,수출입요건 구분하기,0.01,0,0.0546383180502561,4.937957643719428e-06
3254,건축 현장 관리자,0.01,0,0.0546383180502561,4.937957643719428e-06
3255,몰딩,0.01,0,0.0546383180502561,4.937957643719428e-06
3256,식대관리,0.01,0,0.0546383180502561,4.937957643719428e-06
3257,POS 시스템 사용 경험,0.01,0,0.0546383180502561,4.937957643719428e-06
3258,문서프로그램 활용,0.01,0,0.0546383180502561,4.937957643719428e-06
3259,주주총회 운영,0.01,0,0.0546383180502561,4.937957643719428e-06
3260,경영진의 업무 지시,0.01,0,0.0546383180502561,4.937957643719428e-06
3261,원산지관리사,0.01,0,0.0546383180502561,4.937957643719428e-06
3262,오두산 기획,0.01,0,0.0546383180502561,4.937957643719428e-06
3263,연간 사업계획 수립,0.01,0,0.0546383180502561,4.937957643719428e-06
3264,사료 관리,0.01,0,0.0546383180502561,4.937957643719428e-06
3265,훈련이수자평가,0.01,0,0.0546383180502561,4.937957643719428e-06
3266,말사료에 대한 이해,0.01,0,0.0546383180502561,4.937957643719428e-06
3267,품목제조보고서 신청,0.01,0,0.0546383180502561,4.937957643719428e-06
3268,선행 의장 자재 입고 관리,0.01,0,0.0546383180502561,4.937957643719428e-06
3269,판넬조립제작,0.01,0,0.0546383180502561,4.937957643719428e-06
3270,가축분퇴비공장 공장장,0.01,0,0.0546383180502561,4.937957643719428e-06
3271,HRD 행정업무,0.01,0,0.0546383180502561,4.937957643719428e-06
3272,농산물 출고 관리,0.01,0,0.0546383180502561,4.937957643719428e-06
3273,예식진행도움,0.01,0,0.0546383180502561,4.937957643719428e-06
3274,터치업,0.01,0,0.0546383180502561,4.937957643719428e-06
3275,분양아파트 단체등기,0.01,0,0.0546383180502561,4.937957643719428e-06
3276,고객 서비스,0.01,0,0.0546383180502561,4.937957643719428e-06
3277,도서관 관리,0.01,0,0.0546383180502561,4.937957643719428e-06
3278,W 업데이트 지원 업무,0.01,0,0.0546383180502561,4.937957643719428e-06
3279,재무 분석,0.01,0,0.0546383180502561,4.937957643719428e-06
3280,효율관리,0.01,0,0.0546383180502561,4.937957643719428e-06
3281,외주 개발 관리,0.01,0,0.0546383180502561,4.937957643719428e-06
3282,원부재료 검수,0.01,0,0.0546383180502561,4.937957643719428e-06
3283,생산 현장 운영,0.01,0,0.0546383180502561,4.937957643719428e-06
3284,목표 달성 지원,0.01,0,0.0546383180502561,4.937957643719428e-06
3285,한글워드,0.01,0,0.0546383180502561,4.937957643719428e-06
3286,기업고객 방문 상담하기,0.01,0,0.0546383180502561,4.937957643719428e-06
3287,설거지,0.01,0,0.0546383180502561,4.937957643719428e-06
3288,온라인 마케팅 프로모션 기획,0.01,0,0.0546383180502561,4.937957643719428e-06
3289,언론사 초청,0.01,0,0.0546383180502561,4.937957643719428e-06
3290,작업공정 수립,0.01,0,0.0546383180502561,4.937957643719428e-06
3291,제약 등 동종업계 QA,0.01,0,0.0546383180502561,4.937957643719428e-06
3292,단체 체크 인 하기,0.01,0,0.0546383180502561,4.937957643719428e-06
3293,차량 서비스 센터 접수,0.01,0,0.0546383180502561,4.937957643719428e-06
3294,PC H,0.01,0,0.0546383180502561,4.937957643719428e-06
3295,개인위생점검표,0.01,0,0.0546383180502561,4.937957643719428e-06
3296,라우터 데이터 편집,0.01,0,0.0546383180502561,4.937957643719428e-06
3297,DIRECTION,0.01,0,0.0546383180502561,4.937957643719428e-06
3298,전반적인 건물관리소장 업무,0.01,0,0.0546383180502561,4.937957643719428e-06
3299,부자재 입출고 관리,0.01,0,0.0546383180502561,4.937957643719428e-06
3300,라이브 커머스 운영,0.01,0,0.0546383180502561,4.937957643719428e-06
3301,청년창업,0.01,0,0.0546383180502561,4.937957643719428e-06
3302,원자재관리 표준작성하기,0.01,0,0.0546383180502561,4.937957643719428e-06
3303,해외 출장,0.01,0,0.0546383180502561,4.937957643719428e-06
3304,SERVER,0.01,0,0.0546383180502561,4.937957643719428e-06
3305,PPT 등 활용에 능숙하고,0.01,0,0.0546383180502561,4.937957643719428e-06
3306,불만 사항 수집,0.01,0,0.0546383180502561,4.937957643719428e-06
3307,데이터 수집,0.01,0,0.0546383180502561,4.937957643719428e-06
3308,건설현장 안전관리자,0.01,0,0.0546383180502561,4.937957643719428e-06
3309,공종별 평면도 작성,0.01,0,0.0546383180502561,4.937957643719428e-06
3310,지도점검,0.01,0,0.0546383180502561,4.937957643719428e-06
3311,APP개발자,0.01,0,0.0546383180502561,4.937957643719428e-06
3312,송품 관련 서류 작성,0.01,0,0.0546383180502561,4.937957643719428e-06
3313,차량 지표 관리,0.01,0,0.0546383180502561,4.937957643719428e-06
3314,IOS 앱 개발,0.01,0,0.0546383180502561,4.937957643719428e-06
3315,도면수정,0.01,0,0.0546383180502561,4.937957643719428e-06
3316,디버깅,0.01,0,0.0546383180502561,4.937957643719428e-06
3317,프로그래밍에 대한 기본적인 이해,0.01,0,0.0546383180502561,4.937957643719428e-06
3318,유관업무 유경험자,0.01,0,0.0546383180502561,4.937957643719428e-06
3319,내역 산출 작업,0.01,0,0.0546383180502561,4.937957643719428e-06
3320,섬유 수불 관리,0.01,0,0.0546383180502561,4.937957643719428e-06
3321,업무 정리,0.01,0,0.0546383180502561,4.937957643719428e-06
3322,현장 행정지원 업무,0.01,0,0.0546383180502561,4.937957643719428e-06
3323,소모품 입고관리,0.01,0,0.0546383180502561,4.937957643719428e-06
3324,사내 보안관리,0.01,0,0.0546383180502561,4.937957643719428e-06
3325,사업 평가,0.01,0,0.0546383180502561,4.937957643719428e-06
3326,건설PF,0.01,0,0.0546383180502561,4.937957643719428e-06
3327,기업혁신성장,0.01,0,0.0546383180502561,4.937957643719428e-06
3328,장비설계,0.01,0,0.0546383180502561,4.937957643719428e-06
3329,상용 웹서비스 운영,0.01,0,0.0546383180502561,4.937957643719428e-06
3330,철강제품 구매,0.01,0,0.0546383180502561,4.937957643719428e-06
3331,WPF,0.01,0,0.0546383180502561,4.937957643719428e-06
3332,한글작업,0.01,0,0.0546383180502561,4.937957643719428e-06
3333,SERVLET,0.01,0,0.0546383180502561,4.937957643719428e-06
3334,유류 산업의 이해,0.01,0,0.0546383180502561,4.937957643719428e-06
3335,예산 통제,0.01,0,0.0546383180502561,4.937957643719428e-06
3336,자재 관련 업무 보조,0.01,0,0.0546383180502561,4.937957643719428e-06
3337,해운대리점 업무 EDI 전송업무,0.01,0,0.0546383180502561,4.937957643719428e-06
3338,외항선박의 국내대리점 업무,0.01,0,0.0546383180502561,4.937957643719428e-06
3339,수출원가 계산하기,0.01,0,0.0546383180502561,4.937957643719428e-06
3340,제품조립,0.01,0,0.0546383180502561,4.937957643719428e-06
3341,사무실 비품관리,0.01,0,0.0546383180502561,4.937957643719428e-06
3342,수출관련 업무 지원,0.01,0,0.0546383180502561,4.937957643719428e-06
3343,상품 설명하기,0.01,0,0.0546383180502561,4.937957643719428e-06
3344,노무과 업무,0.01,0,0.0546383180502561,4.937957643719428e-06
3345,INVOICE 발행,0.01,0,0.0546383180502561,4.937957643719428e-06
3346,트럭운전,0.01,0,0.0546383180502561,4.937957643719428e-06
3347,모션그래픽 기반 영상 편집,0.01,0,0.0546383180502561,4.937957643719428e-06
3348,불판코팅 현장관리,0.01,0,0.0546383180502561,4.937957643719428e-06
3349,TAT 2급,0.01,0,0.0546383180502561,4.937957643719428e-06
3350,오더관리,0.01,0,0.0546383180502561,4.937957643719428e-06
3351,온라인 응대하기,0.01,0,0.0546383180502561,4.937957643719428e-06
3352,조형,0.01,0,0.0546383180502561,4.937957643719428e-06
3353,드론 개발,0.01,0,0.0546383180502561,4.937957643719428e-06
3354,매출계획 수립,0.01,0,0.0546383180502561,4.937957643719428e-06
3355,매출전표 입력,0.01,0,0.0546383180502561,4.937957643719428e-06
3356,조직관리,0.01,0,0.0546383180502561,4.937957643719428e-06
3357,홈네트워크 시스템 활용하기,0.01,0,0.0546383180502561,4.937957643719428e-06
3358,근로지원인,0.01,0,0.0546383180502561,4.937957643719428e-06
3359,로봇관련 전공자,0.01,0,0.0546383180502561,4.937957643719428e-06
3360,수입통관신고,0.01,0,0.0546383180502561,4.937957643719428e-06
3361,해외 바이어 전화 상담,0.01,0,0.0546383180502561,4.937957643719428e-06
3362,작업 순서 결정,0.01,0,0.0546383180502561,4.937957643719428e-06
3363,완제품 품질 보증업무,0.01,0,0.0546383180502561,4.937957643719428e-06
3364,구조물 제작도면,0.01,0,0.0546383180502561,4.937957643719428e-06
3365,수산식품 유통정보 관리하기,0.01,0,0.0546383180502561,4.937957643719428e-06
3366,탄력적 근로시간제 이해도,0.01,0,0.0546383180502561,4.937957643719428e-06
3367,대행사 소통,0.01,0,0.0546383180502561,4.937957643719428e-06
3368,인쇄회로기판,0.01,0,0.0546383180502561,4.937957643719428e-06
3369,컴퓨터 OA,0.01,0,0.0546383180502561,4.937957643719428e-06
3370,EDR,0.01,0,0.0546383180502561,4.937957643719428e-06
3371,벤치마킹,0.01,0,0.0546383180502561,4.937957643719428e-06
3372,UART 등 구현,0.01,0,0.0546383180502561,4.937957643719428e-06
3373,도장 관리,0.01,0,0.0546383180502561,4.937957643719428e-06
3374,명함관리 하기,0.01,0,0.0546383180502561,4.937957643719428e-06
3375,개발 지식,0.01,0,0.0546383180502561,4.937957643719428e-06
3376,시장 트렌드 분석,0.01,0,0.0546383180502561,4.937957643719428e-06
3377,김천 경북 지역 공사,0.01,0,0.0546383180502561,4.937957643719428e-06
3378,실정 보고하기,0.01,0,0.0546383180502561,4.937957643719428e-06
3379,여행상품 개발,0.01,0,0.0546383180502561,4.937957643719428e-06
3380,월별 손익 관리,0.01,0,0.0546383180502561,4.937957643719428e-06
3381,외부심사 대응,0.01,0,0.0546383180502561,4.937957643719428e-06
3382,ERP 모듈 사용 가능자,0.01,0,0.0546383180502561,4.937957643719428e-06
3383,VENDOR MANAGEMENT,0.01,0,0.0546383180502561,4.937957643719428e-06
3384,로켓배송 제안,0.01,0,0.0546383180502561,4.937957643719428e-06
3385,네트워크 엔지니어,0.01,0,0.0546383180502561,4.937957643719428e-06
3386,당사 SNS 계정 운영,0.01,0,0.0546383180502561,4.937957643719428e-06
3387,화물배차,0.01,0,0.0546383180502561,4.937957643719428e-06
3388,화학사고대피훈련,0.01,0,0.0546383180502561,4.937957643719428e-06
3389,간단한 서류작업,0.01,0,0.0546383180502561,4.937957643719428e-06
3390,창호시공 현장안전,0.01,0,0.0546383180502561,4.937957643719428e-06
3391,네트워킹,0.01,0,0.0546383180502561,4.937957643719428e-06
3392,시스템 접근제어,0.01,0,0.0546383180502561,4.937957643719428e-06
3393,공장 전반적 관리,0.01,0,0.0546383180502561,4.937957643719428e-06
3394,식품 검사,0.01,0,0.0546383180502561,4.937957643719428e-06
3395,외주 업체 관리,0.01,0,0.0546383180502561,4.937957643719428e-06
3396,영상 획득,0.01,0,0.0546383180502561,4.937957643719428e-06
3397,고객 반응 분석,0.01,0,0.0546383180502561,4.937957643719428e-06
3398,동별포장,0.01,0,0.0546383180502561,4.937957643719428e-06
3399,고객모객유치,0.01,0,0.0546383180502561,4.937957643719428e-06
3400,공무 현장기성청구,0.01,0,0.0546383180502561,4.937957643719428e-06
3401,캐릭터 유통 시장 분석,0.01,0,0.0546383180502561,4.937957643719428e-06
3402,고객시스템 장애 처리,0.01,0,0.0546383180502561,4.937957643719428e-06
3403,미디어홍보,0.01,0,0.0546383180502561,4.937957643719428e-06
3404,시스템공학,0.01,0,0.0546383180502561,4.937957643719428e-06
3405,단순 생산작업,0.01,0,0.0546383180502561,4.937957643719428e-06
3406,팀리딩,0.01,0,0.0546383180502561,4.937957643719428e-06
3407,신규 매장 오픈 세팅,0.01,0,0.0546383180502561,4.937957643719428e-06
3408,해외거래처 주문관리,0.01,0,0.0546383180502561,4.937957643719428e-06
3409,중국 현지 소통,0.01,0,0.0546383180502561,4.937957643719428e-06
3410,명함관리,0.01,0,0.0546383180502561,4.937957643719428e-06
3411,납품차량배차,0.01,0,0.0546383180502561,4.937957643719428e-06
3412,회원 신청,0.01,0,0.0546383180502561,4.937957643719428e-06
3413,농업용기계 정미기 제품 영업,0.01,0,0.0546383180502561,4.937957643719428e-06
3414,W 유지관리,0.01,0,0.0546383180502561,4.937957643719428e-06
3415,피트니스,0.01,0,0.0546383180502561,4.937957643719428e-06
3416,매출처카드관리,0.01,0,0.0546383180502561,4.937957643719428e-06
3417,TOEIC SPEAKING 6단계,0.01,0,0.0546383180502561,4.937957643719428e-06
3418,CI,0.01,0,0.0546383180502561,4.937957643719428e-06
3419,안테나계 적용,0.01,0,0.0546383180502561,4.937957643719428e-06
3420,보고서작성,0.01,0,0.0546383180502561,4.937957643719428e-06
3421,용도계획 수립하기,0.01,0,0.0546383180502561,4.937957643719428e-06
3422,몸과 마음 그리고 정신적 성장,0.01,0,0.0546383180502561,4.937957643719428e-06
3423,HTML5,0.01,0,0.0546383180502561,4.937957643719428e-06
3424,마케팅 캠페인 실행,0.01,0,0.0546383180502561,4.937957643719428e-06
3425,워드프레스를 이용해서 웹페이지 제작,0.01,0,0.0546383180502561,4.937957643719428e-06
3426,장거리배차,0.01,0,0.0546383180502561,4.937957643719428e-06
3427,현장 인력 관리,0.01,0,0.0546383180502561,4.937957643719428e-06
3428,기타 서류작업,0.01,0,0.0546383180502561,4.937957643719428e-06
3429,사업투자계획 수립,0.01,0,0.0546383180502561,4.937957643719428e-06
3430,FTA 적용을 위한 업무검토,0.01,0,0.0546383180502561,4.937957643719428e-06
3431,일용직 급여신고,0.01,0,0.0546383180502561,4.937957643719428e-06
3432,컴퓨터활용능력우수,0.01,0,0.0546383180502561,4.937957643719428e-06
3433,산업협력,0.01,0,0.0546383180502561,4.937957643719428e-06
3434,PC마감,0.01,0,0.0546383180502561,4.937957643719428e-06
3435,코스메틱 설비 설치,0.01,0,0.0546383180502561,4.937957643719428e-06
3436,기계설비유지관리자 고급이상,0.01,0,0.0546383180502561,4.937957643719428e-06
3437,거래처A,0.01,0,0.0546383180502561,4.937957643719428e-06
3438,인지 AI,0.01,0,0.0546383180502561,4.937957643719428e-06
3439,생산 환경안전관리,0.01,0,0.0546383180502561,4.937957643719428e-06
3440,개발기획,0.01,0,0.0546383180502561,4.937957643719428e-06
3441,생산설비,0.01,0,0.0546383180502561,4.937957643719428e-06
3442,객실 업셀링하기,0.01,0,0.0546383180502561,4.937957643719428e-06
3443,망고보드 사용 가능자,0.01,0,0.0546383180502561,4.937957643719428e-06
3444,UI 구현하기,0.01,0,0.0546383180502561,4.937957643719428e-06
3445,농산식품 수익성 관리하기,0.01,0,0.0546383180502561,4.937957643719428e-06
3446,설계 변경,0.01,0,0.0546383180502561,4.937957643719428e-06
3447,공장장급,0.01,0,0.0546383180502561,4.937957643719428e-06
3448,3.5T 트럭 운전,0.01,0,0.0546383180502561,4.937957643719428e-06
3449,미수금 환불관리하기,0.01,0,0.0546383180502561,4.937957643719428e-06
3450,MS POWER BI,0.01,0,0.0546383180502561,4.937957643719428e-06
3451,일반구매,0.01,0,0.0546383180502561,4.937957643719428e-06
3452,고무제품 성형,0.01,0,0.0546383180502561,4.937957643719428e-06
3453,창호공사 현장관련 공무업무,0.01,0,0.0546383180502561,4.937957643719428e-06
3454,거래선 발굴,0.01,0,0.0546383180502561,4.937957643719428e-06
3455,CST SIMULATION운용,0.01,0,0.0546383180502561,4.937957643719428e-06
3456,2D캐드,0.01,0,0.0546383180502561,4.937957643719428e-06
3457,정부지원 사업 프로그램 기획,0.01,0,0.0546383180502561,4.937957643719428e-06
3458,유입 데이터 분석,0.01,0,0.0546383180502561,4.937957643719428e-06
3459,작업표준서 작성,0.01,0,0.0546383180502561,4.937957643719428e-06
3460,산재 절차 안내,0.01,0,0.0546383180502561,4.937957643719428e-06
3461,글쓰기,0.01,0,0.0546383180502561,4.937957643719428e-06
3462,식품공학,0.01,0,0.0546383180502561,4.937957643719428e-06
3463,대책서 등 고객사 대응,0.01,0,0.0546383180502561,4.937957643719428e-06
3464,CREATE,0.01,0,0.0546383180502561,4.937957643719428e-06
3465,운송사무원,0.01,0,0.0546383180502561,4.937957643719428e-06
3466,재단 관리,0.01,0,0.0546383180502561,4.937957643719428e-06
3467,부동산설계검토,0.01,0,0.0546383180502561,4.937957643719428e-06
3468,엑셀이나 파워포인트,0.01,0,0.0546383180502561,4.937957643719428e-06
3469,불량 데이터 관리,0.01,0,0.0546383180502561,4.937957643719428e-06
3470,간호사 자격증,0.01,0,0.0546383180502561,4.937957643719428e-06
3471,인력소요 계획 수립,0.01,0,0.0546383180502561,4.937957643719428e-06
3472,자바 SPRING,0.01,0,0.0546383180502561,4.937957643719428e-06
3473,기타 업무 분장,0.01,0,0.0546383180502561,4.937957643719428e-06
3474,유리 제작,0.01,0,0.0546383180502561,4.937957643719428e-06
3475,시설관리 유경험자,0.01,0,0.0546383180502561,4.937957643719428e-06
3476,BPR 수행,0.01,0,0.0546383180502561,4.937957643719428e-06
3477,LPG충전시설 안전관리자,0.01,0,0.0546383180502561,4.937957643719428e-06
3478,이벤트 행사장 철수하기,0.01,0,0.0546383180502561,4.937957643719428e-06
3479,학생 상담,0.01,0,0.0546383180502561,4.937957643719428e-06
3480,경리과장,0.01,0,0.0546383180502561,4.937957643719428e-06
3481,현장 공무관리,0.01,0,0.0546383180502561,4.937957643719428e-06
3482,브랜드 홈페이지 기획,0.01,0,0.0546383180502561,4.937957643719428e-06
3483,유상수리 접수,0.01,0,0.0546383180502561,4.937957643719428e-06
3484,수출입관리,0.01,0,0.0546383180502561,4.937957643719428e-06
3485,대금청구,0.01,0,0.0546383180502561,4.937957643719428e-06
3486,무인시스템 관리,0.01,0,0.0546383180502561,4.937957643719428e-06
3487,여행상품 예산 편성,0.01,0,0.0546383180502561,4.937957643719428e-06
3488,물류센터 업무프로세스 개선,0.01,0,0.0546383180502561,4.937957643719428e-06
3489,생산 관련 서류 처리,0.01,0,0.0546383180502561,4.937957643719428e-06
3490,XILINX FPGA 개발,0.01,0,0.0546383180502561,4.937957643719428e-06
3491,검사자 품질교육,0.01,0,0.0546383180502561,4.937957643719428e-06
3492,기계설비유지관리,0.01,0,0.0546383180502561,4.937957643719428e-06
3493,손해사정사 사무원,0.01,0,0.0546383180502561,4.937957643719428e-06
3494,SPRING,0.01,0,0.0546383180502561,4.937957643719428e-06
3495,시스템 설치지원,0.01,0,0.0546383180502561,4.937957643719428e-06
3496,건설현장 품질관리,0.01,0,0.0546383180502561,4.937957643719428e-06
3497,수입지출업무,0.01,0,0.0546383180502561,4.937957643719428e-06
3498,특급소방안전관리자 선임가능자,0.01,0,0.0546383180502561,4.937957643719428e-06
3499,에너지관리,0.01,0,0.0546383180502561,4.937957643719428e-06
3500,용역사관리,0.01,0,0.0546383180502561,4.937957643719428e-06
3501,소방안전1급,0.01,0,0.0546383180502561,4.937957643719428e-06
3502,CASH HANDLING,0.01,0,0.0546383180502561,4.937957643719428e-06
3503,서비스 업종 경력자,0.01,0,0.0546383180502561,4.937957643719428e-06
3504,분체도료 도장,0.01,0,0.0546383180502561,4.937957643719428e-06
3505,택배배송,0.01,0,0.0546383180502561,4.937957643719428e-06
3506,GUEST SERVICE,0.01,0,0.0546383180502561,4.937957643719428e-06
3507,사업기획,0.01,0,0.0546383180502561,4.937957643719428e-06
3508,RF 하드웨어,0.01,0,0.0546383180502561,4.937957643719428e-06
3509,기타사항 전화응대 처리,0.01,0,0.0546383180502561,4.937957643719428e-06
3510,프레젠테이션,0.01,0,0.0546383180502561,4.937957643719428e-06
3511,안전시설 유지관리,0.01,0,0.0546383180502561,4.937957643719428e-06
3512,PC구조물 제작,0.01,0,0.0546383180502561,4.937957643719428e-06
3513,냉동수산물 판매,0.01,0,0.0546383180502561,4.937957643719428e-06
3514,원단 영업보조,0.01,0,0.0546383180502561,4.937957643719428e-06
3515,원자재 입출고 관리,0.01,0,0.0546383180502561,4.937957643719428e-06
3516,도면분석,0.01,0,0.0546383180502561,4.937957643719428e-06
3517,상품 서칭,0.01,0,0.0546383180502561,4.937957643719428e-06
3518,승마용품 판매,0.01,0,0.0546383180502561,4.937957643719428e-06
3519,사용자의 경험을 이해하고 요구를 충족시켜 본 경험이 있으신 분,0.01,0,0.0546383180502561,4.937957643719428e-06
3520,작문,0.01,0,0.0546383180502561,4.937957643719428e-06
3521,승마장 매출관리 마감,0.01,0,0.0546383180502561,4.937957643719428e-06
3522,빅데이터 플랫폼 성능 모니터링하기,0.01,0,0.0546383180502561,4.937957643719428e-06
3523,부재 선별,0.01,0,0.0546383180502561,4.937957643719428e-06
3524,농산물 시황 분석,0.01,0,0.0546383180502561,4.937957643719428e-06
3525,시설운영위원회 관리,0.01,0,0.0546383180502561,4.937957643719428e-06
3526,메일 대응,0.01,0,0.0546383180502561,4.937957643719428e-06
3527,출고품 품질관리,0.01,0,0.0546383180502561,4.937957643719428e-06
3528,문화행사기획,0.01,0,0.0546383180502561,4.937957643719428e-06
3529,오픈마켓 운영,0.01,0,0.0546383180502561,4.937957643719428e-06
3530,지도조치,0.01,0,0.0546383180502561,4.937957643719428e-06
3531,상품 매뉴얼 작성,0.01,0,0.0546383180502561,4.937957643719428e-06
3532,사업 회계 업무,0.01,0,0.0546383180502561,4.937957643719428e-06
3533,XR 기술 활용 콘텐츠 기획,0.01,0,0.0546383180502561,4.937957643719428e-06
3534,수출신고서 작성하기,0.01,0,0.0546383180502561,4.937957643719428e-06
3535,영상 콘텐츠 편집,0.01,0,0.0546383180502561,4.937957643719428e-06
3536,유니폼관리,0.01,0,0.0546383180502561,4.937957643719428e-06
3537,매입 매출 거래처 관리,0.01,0,0.0546383180502561,4.937957643719428e-06
3538,분양사무,0.01,0,0.0546383180502561,4.937957643719428e-06
3539,스티커 제작,0.01,0,0.0546383180502561,4.937957643719428e-06
3540,폐수,0.01,0,0.0546383180502561,4.937957643719428e-06
3541,판매촉진활동 기획하기,0.01,0,0.0546383180502561,4.937957643719428e-06
3542,안전보호구 착용하기,0.01,0,0.0546383180502561,4.937957643719428e-06
3543,유튜브 업로드,0.01,0,0.0546383180502561,4.937957643719428e-06
3544,설계변경,0.01,0,0.0546383180502561,4.937957643719428e-06
3545,출하처 결정하기,0.01,0,0.0546383180502561,4.937957643719428e-06
3546,건설현장 자재,0.01,0,0.0546383180502561,4.937957643719428e-06
3547,창호 제작,0.01,0,0.0546383180502561,4.937957643719428e-06
3548,AIR FILTER,0.01,0,0.0546383180502561,4.937957643719428e-06
3549,콘크리트 구조물 제작,0.01,0,0.0546383180502561,4.937957643719428e-06
3550,만족도 조사,0.01,0,0.0546383180502561,4.937957643719428e-06
3551,CCNP,0.01,0,0.0546383180502561,4.937957643719428e-06
3552,고객센터 품질 관리활동,0.01,0,0.0546383180502561,4.937957643719428e-06
3553,경비지도사,0.01,0,0.0546383180502561,4.937957643719428e-06
3554,전기관련 실무능력,0.01,0,0.0546383180502561,4.937957643719428e-06
3555,전기차 충전기 관련 업무 경험,0.01,0,0.0546383180502561,4.937957643719428e-06
3556,POWER POINT,0.01,0,0.0546383180502561,4.937957643719428e-06
3557,전기기사자격증,0.01,0,0.0546383180502561,4.937957643719428e-06
3558,수출서류작성,0.01,0,0.0546383180502561,4.937957643719428e-06
3559,회계감사준비,0.01,0,0.0546383180502561,4.937957643719428e-06
3560,경영진 전화 연결,0.01,0,0.0546383180502561,4.937957643719428e-06
3561,최종제품 평가하기,0.01,0,0.0546383180502561,4.937957643719428e-06
3562,홍보 콘텐츠 제작,0.01,0,0.0546383180502561,4.937957643719428e-06
3563,세일즈 마케팅,0.01,0,0.0546383180502561,4.937957643719428e-06
3564,가스 관리 담당자,0.01,0,0.0546383180502561,4.937957643719428e-06
3565,컴퓨터 사용 가능자,0.01,0,0.0546383180502561,4.937957643719428e-06
3566,현관지원업무,0.01,0,0.0546383180502561,4.937957643719428e-06
3567,서비스 모니터링,0.01,0,0.0546383180502561,4.937957643719428e-06
3568,정보보안 실태평가,0.01,0,0.0546383180502561,4.937957643719428e-06
3569,학사관리업무,0.01,0,0.0546383180502561,4.937957643719428e-06
3570,서비스 수준 계약하기,0.01,0,0.0546383180502561,4.937957643719428e-06
3571,과제진도,0.01,0,0.0546383180502561,4.937957643719428e-06
3572,OWASP TOP 10 웹취약점 진단 경험,0.01,0,0.0546383180502561,4.937957643719428e-06
3573,NODE.JS,0.01,0,0.0546383180502561,4.937957643719428e-06
3574,계약 유지관리,0.01,0,0.0546383180502561,4.937957643719428e-06
3575,의학,0.01,0,0.0546383180502561,4.937957643719428e-06
3576,대리점 D,0.01,0,0.0546383180502561,4.937957643719428e-06
3577,기술이전,0.01,0,0.0546383180502561,4.937957643719428e-06
3578,강의경력,0.01,0,0.0546383180502561,4.937957643719428e-06
3579,본 · 지사 관리,0.01,0,0.0546383180502561,4.937957643719428e-06
3580,인사 총무 업무,0.01,0,0.0546383180502561,4.937957643719428e-06
3581,근로계약 관리,0.01,0,0.0546383180502561,4.937957643719428e-06
3582,이벤트 홍보,0.01,0,0.0546383180502561,4.937957643719428e-06
3583,과정평가형 자격취득,0.01,0,0.0546383180502561,4.937957643719428e-06
3584,메일 보고서 작성,0.01,0,0.0546383180502561,4.937957643719428e-06
3585,신뢰성 시험하기,0.01,0,0.0546383180502561,4.937957643719428e-06
3586,소방수첩 보유자,0.01,0,0.0546383180502561,4.937957643719428e-06
3587,ERP 솔루션 개발,0.01,0,0.0546383180502561,4.937957643719428e-06
3588,외국인 대화 가능한 직원,0.01,0,0.0546383180502561,4.937957643719428e-06
3589,출.퇴근 통근운행,0.01,0,0.0546383180502561,4.937957643719428e-06
3590,온라인 예약 현황 관리,0.01,0,0.0546383180502561,4.937957643719428e-06
3591,웹 상세페이지 디자인,0.01,0,0.0546383180502561,4.937957643719428e-06
3592,입실 상담 응대,0.01,0,0.0546383180502561,4.937957643719428e-06
3593,전시행사홍보,0.01,0,0.0546383180502561,4.937957643719428e-06
3594,차량통신 사양,0.01,0,0.0546383180502561,4.937957643719428e-06
3595,골프장 락카청소원,0.01,0,0.0546383180502561,4.937957643719428e-06
3596,전기산업기사 이상의 자격 보유자,0.01,0,0.0546383180502561,4.937957643719428e-06
3597,자재 물량체크,0.01,0,0.0546383180502561,4.937957643719428e-06
3598,한컴 오피스,0.01,0,0.0546383180502561,4.937957643719428e-06
3599,생산수량 수불,0.01,0,0.0546383180502561,4.937957643719428e-06
3600,PF,0.01,0,0.0546383180502561,4.937957643719428e-06
3601,MVC,0.01,0,0.0546383180502561,4.937957643719428e-06
3602,IT관련 전공자,0.01,0,0.0546383180502561,4.937957643719428e-06
3603,영어독해,0.01,0,0.0546383180502561,4.937957643719428e-06
3604,통신관련 업무,0.01,0,0.0546383180502561,4.937957643719428e-06
3605,CCTV장치 기구품 설계,0.01,0,0.0546383180502561,4.937957643719428e-06
3606,PPT능력자,0.01,0,0.0546383180502561,4.937957643719428e-06
3607,VHDL,0.01,0,0.0546383180502561,4.937957643719428e-06
3608,대기업 AUDIT 대응,0.01,0,0.0546383180502561,4.937957643719428e-06
3609,지출 관리,0.01,0,0.0546383180502561,4.937957643719428e-06
3610,해당업무 경험자,0.01,0,0.0546383180502561,4.937957643719428e-06
3611,브랜드 인식 조사,0.01,0,0.0546383180502561,4.937957643719428e-06
3612,바이럴마케팅,0.01,0,0.0546383180502561,4.937957643719428e-06
3613,컴퓨터 사무용 소프트웨어 활용,0.01,0,0.0546383180502561,4.937957643719428e-06
3614,항비,0.01,0,0.0546383180502561,4.937957643719428e-06
3615,캐릭터 산업정책 분석,0.01,0,0.0546383180502561,4.937957643719428e-06
3616,압축기 관리,0.01,0,0.0546383180502561,4.937957643719428e-06
3617,백앤드,0.01,0,0.0546383180502561,4.937957643719428e-06
3618,안전점검하기,0.01,0,0.0546383180502561,4.937957643719428e-06
3619,본선,0.01,0,0.0546383180502561,4.937957643719428e-06
3620,본사 오창 이동,0.01,0,0.0546383180502561,4.937957643719428e-06
3621,배관보수 작업 경력,0.01,0,0.0546383180502561,4.937957643719428e-06
3622,항공 수출 수입,0.01,0,0.0546383180502561,4.937957643719428e-06
3623,온·오프라인 이벤트 기획,0.01,0,0.0546383180502561,4.937957643719428e-06
3624,재료 준비,0.01,0,0.0546383180502561,4.937957643719428e-06
3625,공사비명세서 작성,0.01,0,0.0546383180502561,4.937957643719428e-06
3626,연말 정산 업무,0.01,0,0.0546383180502561,4.937957643719428e-06
3627,회계관련자,0.01,0,0.0546383180502561,4.937957643719428e-06
3628,DIGITAL TWIN,0.01,0,0.0546383180502561,4.937957643719428e-06
3629,상품재고관리,0.01,0,0.0546383180502561,4.937957643719428e-06
3630,운영체제,0.01,0,0.0546383180502561,4.937957643719428e-06
3631,예방조치,0.01,0,0.0546383180502561,4.937957643719428e-06
3632,석면해체,0.01,0,0.0546383180502561,4.937957643719428e-06
3633,품질 서류 관리,0.01,0,0.0546383180502561,4.937957643719428e-06
3634,호텔지배인,0.01,0,0.0546383180502561,4.937957643719428e-06
3635,무역서류작성,0.01,0,0.0546383180502561,4.937957643719428e-06
3636,제품 장애,0.01,0,0.0546383180502561,4.937957643719428e-06
3637,기성실적신고,0.01,0,0.0546383180502561,4.937957643719428e-06
3638,개발관리,0.01,0,0.0546383180502561,4.937957643719428e-06
3639,원고 카피라이팅,0.01,0,0.0546383180502561,4.937957643719428e-06
3640,원자재 입.출고 관리,0.01,0,0.0546383180502561,4.937957643719428e-06
3641,해외 시장 분석,0.01,0,0.0546383180502561,4.937957643719428e-06
3642,외래입원접수,0.01,0,0.0546383180502561,4.937957643719428e-06
3643,객실 키 발급,0.01,0,0.0546383180502561,4.937957643719428e-06
3644,직업정보제공,0.01,0,0.0546383180502561,4.937957643719428e-06
3645,전기 선임필수,0.01,0,0.0546383180502561,4.937957643719428e-06
3646,공문서작성,0.01,0,0.0546383180502561,4.937957643719428e-06
3647,대형현장 관리 경험자,0.01,0,0.0546383180502561,4.937957643719428e-06
3648,상속 증여세 신고하기,0.01,0,0.0546383180502561,4.937957643719428e-06
3649,시즌별 상품 구성,0.01,0,0.0546383180502561,4.937957643719428e-06
3650,화주관리,0.01,0,0.0546383180502561,4.937957643719428e-06
3651,계측기장비사용,0.01,0,0.0546383180502561,4.937957643719428e-06
3652,농가 교육·컨설팅,0.01,0,0.0546383180502561,4.937957643719428e-06
3653,활 수산물 취급관리하기,0.01,0,0.0546383180502561,4.937957643719428e-06
3654,배관설비 적용,0.01,0,0.0546383180502561,4.937957643719428e-06
3655,수입조건 협상하기,0.01,0,0.0546383180502561,4.937957643719428e-06
3656,전반적 서비스 프로세스를 기획,0.01,0,0.0546383180502561,4.937957643719428e-06
3657,외주 관리하기,0.01,0,0.0546383180502561,4.937957643719428e-06
3658,협력 업체 관리,0.01,0,0.0546383180502561,4.937957643719428e-06
3659,테스트케이스 작성,0.01,0,0.0546383180502561,4.937957643719428e-06
3660,신규거래처 영업,0.01,0,0.0546383180502561,4.937957643719428e-06
3661,빅데이터 플랫폼 장애 관리하기,0.01,0,0.0546383180502561,4.937957643719428e-06
3662,HRIS,0.01,0,0.0546383180502561,4.937957643719428e-06
3663,자재 구매 계획 경험 능력자,0.01,0,0.0546383180502561,4.937957643719428e-06
3664,회계사무실 서류 전 업무,0.01,0,0.0546383180502561,4.937957643719428e-06
3665,대외협력 지원,0.01,0,0.0546383180502561,4.937957643719428e-06
3666,MSA 기반 서비스 자원 구축,0.01,0,0.0546383180502561,4.937957643719428e-06
3667,BOM관리,0.01,0,0.0546383180502561,4.937957643719428e-06
3668,시스템 엔지니어,0.01,0,0.0546383180502561,4.937957643719428e-06
3669,주택정비사업부문 경력,0.01,0,0.0546383180502561,4.937957643719428e-06
3670,사내행사,0.01,0,0.0546383180502561,4.937957643719428e-06
3671,MFCC,0.01,0,0.0546383180502561,4.937957643719428e-06
3672,조리 가능자,0.01,0,0.0546383180502561,4.937957643719428e-06
3673,콘텐츠 기획‧개발,0.01,0,0.0546383180502561,4.937957643719428e-06
3674,폐기물처리수집 운반업 공사 계약,0.01,0,0.0546383180502561,4.937957643719428e-06
3675,전략적 검토,0.01,0,0.0546383180502561,4.937957643719428e-06
3676,작업스케줄 관리,0.01,0,0.0546383180502561,4.937957643719428e-06
3677,추천,0.01,0,0.0546383180502561,4.937957643719428e-06
3678,통합심사준비,0.01,0,0.0546383180502561,4.937957643719428e-06
3679,전화예약상담,0.01,0,0.0546383180502561,4.937957643719428e-06
3680,환급 프로그램,0.01,0,0.0546383180502561,4.937957643719428e-06
3681,장애대응,0.01,0,0.0546383180502561,4.937957643719428e-06
3682,시공 경력,0.01,0,0.0546383180502561,4.937957643719428e-06
3683,화학물질취급인허가,0.01,0,0.0546383180502561,4.937957643719428e-06
3684,고급 기술자,0.01,0,0.0546383180502561,4.937957643719428e-06
3685,취득세,0.01,0,0.0546383180502561,4.937957643719428e-06
3686,화면설계서 기획,0.01,0,0.0546383180502561,4.937957643719428e-06
3687,IOT 실시간 모니터링 장비,0.01,0,0.0546383180502561,4.937957643719428e-06
3688,재활용 분리수거,0.01,0,0.0546383180502561,4.937957643719428e-06
3689,지역특성 분석하기,0.01,0,0.0546383180502561,4.937957643719428e-06
3690,교육 콘텐츠 기획,0.01,0,0.0546383180502561,4.937957643719428e-06
3691,사업계획 작성지원,0.01,0,0.0546383180502561,4.937957643719428e-06
3692,주주총회 지원,0.01,0,0.0546383180502561,4.937957643719428e-06
3693,컴퓨터활용능력 중급 이상,0.01,0,0.0546383180502561,4.937957643719428e-06
3694,성적서발행 업무,0.01,0,0.0546383180502561,4.937957643719428e-06
3695,보험정비,0.01,0,0.0546383180502561,4.937957643719428e-06
3696,슈퍼비전하기,0.01,0,0.0546383180502561,4.937957643719428e-06
3697,광고 홍보,0.01,0,0.0546383180502561,4.937957643719428e-06
3698,회계운영,0.01,0,0.0546383180502561,4.937957643719428e-06
3699,사급 계약,0.01,0,0.0546383180502561,4.937957643719428e-06
3700,수입보세면허,0.01,0,0.0546383180502561,4.937957643719428e-06
3701,장애인 문화·여가,0.01,0,0.0546383180502561,4.937957643719428e-06
3702,피더 설계,0.01,0,0.0546383180502561,4.937957643719428e-06
3703,소프트웨어 보안,0.01,0,0.0546383180502561,4.937957643719428e-06
3704,생산현장 QC,0.01,0,0.0546383180502561,4.937957643719428e-06
3705,영어 문서 독해,0.01,0,0.0546383180502561,4.937957643719428e-06
3706,스크린골프 고객 응대,0.01,0,0.0546383180502561,4.937957643719428e-06
3707,전자부품생산수율 관리하기,0.01,0,0.0546383180502561,4.937957643719428e-06
3708,기관 응대,0.01,0,0.0546383180502561,4.937957643719428e-06
3709,문서활용,0.01,0,0.0546383180502561,4.937957643719428e-06
3710,해당 문장에서는 생산관리 경력자,0.01,0,0.0546383180502561,4.937957643719428e-06
3711,기계생산관리계획,0.01,0,0.0546383180502561,4.937957643719428e-06
3712,QA 테스터,0.01,0,0.0546383180502561,4.937957643719428e-06
3713,소방 1급 자격증,0.01,0,0.0546383180502561,4.937957643719428e-06
3714,안전요원,0.01,0,0.0546383180502561,4.937957643719428e-06
3715,정보통신 감리업무,0.01,0,0.0546383180502561,4.937957643719428e-06
3716,원 · 부자재 특성파악 하기,0.01,0,0.0546383180502561,4.937957643719428e-06
3717,인터넷광고,0.01,0,0.0546383180502561,4.937957643719428e-06
3718,일러스트레이터 가능자,0.01,0,0.0546383180502561,4.937957643719428e-06
3719,시스템 장애 대응,0.01,0,0.0546383180502561,4.937957643719428e-06
3720,과정평가형,0.01,0,0.0546383180502561,4.937957643719428e-06
3721,처리 알고리즘 적용,0.01,0,0.0546383180502561,4.937957643719428e-06
3722,인보이스 작성,0.01,0,0.0546383180502561,4.937957643719428e-06
3723,AVEVA MARINE CAD 설계 테스트 연구개발 업무,0.01,0,0.0546383180502561,4.937957643719428e-06
3724,메카트로닉스,0.01,0,0.0546383180502561,4.937957643719428e-06
3725,냉동 수산물 취급관리하기,0.01,0,0.0546383180502561,4.937957643719428e-06
3726,영문 사양 검토 후 견적서 작성,0.01,0,0.0546383180502561,4.937957643719428e-06
3727,공문 작성,0.01,0,0.0546383180502561,4.937957643719428e-06
3728,단순수식,0.01,0,0.0546383180502561,4.937957643719428e-06
3729,프로그램 개발언어,0.01,0,0.0546383180502561,4.937957643719428e-06
3730,IOT프로젝트,0.01,0,0.0546383180502561,4.937957643719428e-06
3731,품질관리 인력 관리하기,0.01,0,0.0546383180502561,4.937957643719428e-06
3732,건설현장 일정 관리,0.01,0,0.0546383180502561,4.937957643719428e-06
3733,공장 연락,0.01,0,0.0546383180502561,4.937957643719428e-06
3734,BTS,0.01,0,0.0546383180502561,4.937957643719428e-06
3735,벤딩머신,0.01,0,0.0546383180502561,4.937957643719428e-06
3736,피트니스센터 관리,0.01,0,0.0546383180502561,4.937957643719428e-06
3737,완성품 검사,0.01,0,0.0546383180502561,4.937957643719428e-06
3738,미화용역포함,0.01,0,0.0546383180502561,4.937957643719428e-06
3739,토목공사,0.01,0,0.0546383180502561,4.937957643719428e-06
3740,지게차 운전자,0.01,0,0.0546383180502561,4.937957643719428e-06
3741,웹 서비스 마케팅,0.01,0,0.0546383180502561,4.937957643719428e-06
3742,금융텔러직,0.01,0,0.0546383180502561,4.937957643719428e-06
3743,교육프로그램 기획,0.01,0,0.0546383180502561,4.937957643719428e-06
3744,자재 입고 납기 확인,0.01,0,0.0546383180502561,4.937957643719428e-06
3745,소싱,0.01,0,0.0546383180502561,4.937957643719428e-06
3746,블루투스 개발,0.01,0,0.0546383180502561,4.937957643719428e-06
3747,SMART A,0.01,0,0.0546383180502561,4.937957643719428e-06
3748,사업계획수립·결산하기,0.01,0,0.0546383180502561,4.937957643719428e-06
3749,서버 프로그램 구현,0.01,0,0.0546383180502561,4.937957643719428e-06
3750,공간 프로그램 운영,0.01,0,0.0546383180502561,4.937957643719428e-06
3751,작성 보조,0.01,0,0.0546383180502561,4.937957643719428e-06
3752,장애 처리 결과 보고하기,0.01,0,0.0546383180502561,4.937957643719428e-06
3753,시운전 PM,0.01,0,0.0546383180502561,4.937957643719428e-06
3754,포장공정 관리하기,0.01,0,0.0546383180502561,4.937957643719428e-06
3755,경화성,0.01,0,0.0546383180502561,4.937957643719428e-06
3756,사업장순회점검,0.01,0,0.0546383180502561,4.937957643719428e-06
3757,보험료 신고업무,0.01,0,0.0546383180502561,4.937957643719428e-06
3758,데이터베이스 프로그래밍,0.01,0,0.0546383180502561,4.937957643719428e-06
3759,외국무역선,0.01,0,0.0546383180502561,4.937957643719428e-06
3760,재고위치 확인하기,0.01,0,0.0546383180502561,4.937957643719428e-06
3761,사업 PM,0.01,0,0.0546383180502561,4.937957643719428e-06
3762,불만 사항 해결 방안 마련,0.01,0,0.0546383180502561,4.937957643719428e-06
3763,자재 입·출고 관리하기,0.01,0,0.0546383180502561,4.937957643719428e-06
3764,제품 회로 구성,0.01,0,0.0546383180502561,4.937957643719428e-06
3765,일본업체 대응,0.01,0,0.0546383180502561,4.937957643719428e-06
3766,국책과제 경험,0.01,0,0.0546383180502561,4.937957643719428e-06
3767,지도자 훈련,0.01,0,0.0546383180502561,4.937957643719428e-06
3768,게임,0.01,0,0.0546383180502561,4.937957643719428e-06
3769,운송 차량,0.01,0,0.0546383180502561,4.937957643719428e-06
3770,도급 부품 품질관리,0.01,0,0.0546383180502561,4.937957643719428e-06
3771,온라인 배너 등록,0.01,0,0.0546383180502561,4.937957643719428e-06
3772,프로그램 컨트롤러 보드 제작,0.01,0,0.0546383180502561,4.937957643719428e-06
3773,연령대 소통,0.01,0,0.0546383180502561,4.937957643719428e-06
3774,대내외 홍보 자료 작성,0.01,0,0.0546383180502561,4.937957643719428e-06
3775,직업훈련교사 자격,0.01,0,0.0546383180502561,4.937957643719428e-06
3776,철콘,0.01,0,0.0546383180502561,4.937957643719428e-06
3777,생활가전,0.01,0,0.0546383180502561,4.937957643719428e-06
3778,사업운영,0.01,0,0.0546383180502561,4.937957643719428e-06
3779,제품수주,0.01,0,0.0546383180502561,4.937957643719428e-06
3780,수출관리하기,0.01,0,0.0546383180502561,4.937957643719428e-06
3781,탕비용품 구매,0.01,0,0.0546383180502561,4.937957643719428e-06
3782,무역서류 정리,0.01,0,0.0546383180502561,4.937957643719428e-06
3783,부동산 고객 협상,0.01,0,0.0546383180502561,4.937957643719428e-06
3784,네트워크장비 관리,0.01,0,0.0546383180502561,4.937957643719428e-06
3785,프리젠테이션 능력 우수자,0.01,0,0.0546383180502561,4.937957643719428e-06
3786,제직관리,0.01,0,0.0546383180502561,4.937957643719428e-06
3787,3D 배경 모델링,0.01,0,0.0546383180502561,4.937957643719428e-06
3788,기본 컴퓨터 활용가능자,0.01,0,0.0546383180502561,4.937957643719428e-06
3789,온라인 상담,0.01,0,0.0546383180502561,4.937957643719428e-06
3790,VM웨어 운영,0.01,0,0.0546383180502561,4.937957643719428e-06
3791,HACCP 서류,0.01,0,0.0546383180502561,4.937957643719428e-06
3792,GPS,0.01,0,0.0546383180502561,4.937957643719428e-06
3793,배관자재 품질관리,0.01,0,0.0546383180502561,4.937957643719428e-06
3794,그릴링,0.01,0,0.0546383180502561,4.937957643719428e-06
3795,ETL,0.01,0,0.0546383180502561,4.937957643719428e-06
3796,해외 영업,0.01,0,0.0546383180502561,4.937957643719428e-06
3797,반자동 기계조작,0.01,0,0.0546383180502561,4.937957643719428e-06
3798,C#.NET,0.01,0,0.0546383180502561,4.937957643719428e-06
3799,출사,0.01,0,0.0546383180502561,4.937957643719428e-06
3800,오픈소스 라이센스 체계와 도구 사용,0.01,0,0.0546383180502561,4.937957643719428e-06
3801,CS 경험자,0.01,0,0.0546383180502561,4.937957643719428e-06
3802,NATIVE 또는 HYBRID 앱 개발 경험,0.01,0,0.0546383180502561,4.937957643719428e-06
3803,면접인원 통보,0.01,0,0.0546383180502561,4.937957643719428e-06
3804,개발부담금,0.01,0,0.0546383180502561,4.937957643719428e-06
3805,필터 제조 관리,0.01,0,0.0546383180502561,4.937957643719428e-06
3806,스프레드시트,0.01,0,0.0546383180502561,4.937957643719428e-06
3807,캐릭터 상품 홍보물,0.01,0,0.0546383180502561,4.937957643719428e-06
3808,이벤트 기본계획 수립하기,0.01,0,0.0546383180502561,4.937957643719428e-06
3809,품질관리 교육성과 평가하기,0.01,0,0.0546383180502561,4.937957643719428e-06
3810,컴퓨터 엑셀,0.01,0,0.0546383180502561,4.937957643719428e-06
3811,휴게소 상품관리,0.01,0,0.0546383180502561,4.937957643719428e-06
3812,현장 관리직 경험,0.01,0,0.0546383180502561,4.937957643719428e-06
3813,실크스크린,0.01,0,0.0546383180502561,4.937957643719428e-06
3814,경영정보시스템 개발,0.01,0,0.0546383180502561,4.937957643719428e-06
3815,프로젝트 행정,0.01,0,0.0546383180502561,4.937957643719428e-06
3816,성매매방지상담원 양성교육 이수자,0.01,0,0.0546383180502561,4.937957643719428e-06
3817,LTE 5G 신규기능 검증,0.01,0,0.0546383180502561,4.937957643719428e-06
3818,게임 좋아하셨던 분이나 개발 쪽 관심있으신분들도 지원하세요,0.01,0,0.0546383180502561,4.937957643719428e-06
3819,전산기기 유지보수,0.01,0,0.0546383180502561,4.937957643719428e-06
3820,컴퓨터 기본능력,0.01,0,0.0546383180502561,4.937957643719428e-06
3821,부품 매입 매출,0.01,0,0.0546383180502561,4.937957643719428e-06
3822,구매발주,0.01,0,0.0546383180502561,4.937957643719428e-06
3823,어린이 놀이시설물 품질관리,0.01,0,0.0546383180502561,4.937957643719428e-06
3824,제품품질개선,0.01,0,0.0546383180502561,4.937957643719428e-06
3825,직원 할인,0.01,0,0.0546383180502561,4.937957643719428e-06
3826,작업 능률 향상,0.01,0,0.0546383180502561,4.937957643719428e-06
3827,혼합기,0.01,0,0.0546383180502561,4.937957643719428e-06
3828,배식지원,0.01,0,0.0546383180502561,4.937957643719428e-06
3829,사진파일 수정 작업,0.01,0,0.0546383180502561,4.937957643719428e-06
3830,부착 작업,0.01,0,0.0546383180502561,4.937957643719428e-06
3831,설비별 생산계획 수립,0.01,0,0.0546383180502561,4.937957643719428e-06
3832,생산 발주 지시,0.01,0,0.0546383180502561,4.937957643719428e-06
3833,배송일정,0.01,0,0.0546383180502561,4.937957643719428e-06
3834,시설ㆍ설비 청결상태 관리하기,0.01,0,0.0546383180502561,4.937957643719428e-06
3835,제품 시장조사,0.01,0,0.0546383180502561,4.937957643719428e-06
3836,신규시장 개척,0.01,0,0.0546383180502561,4.937957643719428e-06
3837,투자사 대응,0.01,0,0.0546383180502561,4.937957643719428e-06
3838,건축견적,0.01,0,0.0546383180502561,4.937957643719428e-06
3839,폐기물처리산업기사,0.01,0,0.0546383180502561,4.937957643719428e-06
3840,데이터 품질진단,0.01,0,0.0546383180502561,4.937957643719428e-06
3841,L2 POE 광장비 성능 BENCHMARK 비교,0.01,0,0.0546383180502561,4.937957643719428e-06
3842,문화행사 프로젝트 운영 매니저,0.01,0,0.0546383180502561,4.937957643719428e-06
3843,종이케이스제조,0.01,0,0.0546383180502561,4.937957643719428e-06
3844,생산성 검토하기,0.01,0,0.0546383180502561,4.937957643719428e-06
3845,QC 경력,0.01,0,0.0546383180502561,4.937957643719428e-06
3846,사후 장비 관리,0.01,0,0.0546383180502561,4.937957643719428e-06
3847,MS EXCEL,0.01,0,0.0546383180502561,4.937957643719428e-06
3848,아동지도,0.01,0,0.0546383180502561,4.937957643719428e-06
3849,관련 정책,0.01,0,0.0546383180502561,4.937957643719428e-06
3850,이카운트 숙련자,0.01,0,0.0546383180502561,4.937957643719428e-06
3851,홀 매니저 경력,0.01,0,0.0546383180502561,4.937957643719428e-06
3852,섬유관련,0.01,0,0.0546383180502561,4.937957643719428e-06
3853,CAD 작업자,0.01,0,0.0546383180502561,4.937957643719428e-06
3854,조직 역량강화,0.01,0,0.0546383180502561,4.937957643719428e-06
3855,자재구매 관리,0.01,0,0.0546383180502561,4.937957643719428e-06
3856,건물시설 이상유무 점검,0.01,0,0.0546383180502561,4.937957643719428e-06
3857,위기 관리 전략 수립,0.01,0,0.0546383180502561,4.937957643719428e-06
3858,효율적인 코드 작성,0.01,0,0.0546383180502561,4.937957643719428e-06
3859,보수교육 계획 수립,0.01,0,0.0546383180502561,4.937957643719428e-06
3860,건설기술인 초급 이상,0.01,0,0.0546383180502561,4.937957643719428e-06
3861,GIS DB,0.01,0,0.0546383180502561,4.937957643719428e-06
3862,시설물 유지,0.01,0,0.0546383180502561,4.937957643719428e-06
3863,수입 전략 수립,0.01,0,0.0546383180502561,4.937957643719428e-06
3864,수입배송 운송사 스케줄,0.01,0,0.0546383180502561,4.937957643719428e-06
3865,건축물 유지관리,0.01,0,0.0546383180502561,4.937957643719428e-06
3866,작업장 위생 관리하기,0.01,0,0.0546383180502561,4.937957643719428e-06
3867,수출입서식 준비하기,0.01,0,0.0546383180502561,4.937957643719428e-06
3868,HACCP 서류작성,0.01,0,0.0546383180502561,4.937957643719428e-06
3869,수산식품 거래 관리하기,0.01,0,0.0546383180502561,4.937957643719428e-06
3870,고객 중장비 판매계획 수립,0.01,0,0.0546383180502561,4.937957643719428e-06
3871,인건비신고대행,0.01,0,0.0546383180502561,4.937957643719428e-06
3872,사진 편집,0.01,0,0.0546383180502561,4.937957643719428e-06
3873,학원 수강생관리,0.01,0,0.0546383180502561,4.937957643719428e-06
3874,컴퓨터 자격증,0.01,0,0.0546383180502561,4.937957643719428e-06
3875,데이터 분석,0.01,0,0.0546383180502561,4.937957643719428e-06
3876,인증심사,0.01,0,0.0546383180502561,4.937957643719428e-06
3877,야채손질,0.01,0,0.0546383180502561,4.937957643719428e-06
3878,세팅,0.01,0,0.0546383180502561,4.937957643719428e-06
3879,개선 방안 처리,0.01,0,0.0546383180502561,4.937957643719428e-06
3880,플라스틱창호 제조,0.01,0,0.0546383180502561,4.937957643719428e-06
3881,설비대리,0.01,0,0.0546383180502561,4.937957643719428e-06
3882,물류개발 시스템 유지보수,0.01,0,0.0546383180502561,4.937957643719428e-06
3883,식품회사 업무 경험,0.01,0,0.0546383180502561,4.937957643719428e-06
3884,현장 POP,0.01,0,0.0546383180502561,4.937957643719428e-06
3885,장애 대응 방안 수립하기,0.01,0,0.0546383180502561,4.937957643719428e-06
3886,안전계획 훈련하기,0.01,0,0.0546383180502561,4.937957643719428e-06
3887,빅데이터 수집시스템 설계,0.01,0,0.0546383180502561,4.937957643719428e-06
3888,벤딩기조작,0.01,0,0.0546383180502561,4.937957643719428e-06
3889,온라인 박람회,0.01,0,0.0546383180502561,4.937957643719428e-06
3890,사내외 공정불량 확인,0.01,0,0.0546383180502561,4.937957643719428e-06
3891,한글 사용 능숙자,0.01,0,0.0546383180502561,4.937957643719428e-06
3892,물적자원 구축,0.01,0,0.0546383180502561,4.937957643719428e-06
3893,거래처 신규개척,0.01,0,0.0546383180502561,4.937957643719428e-06
3894,식품회사 품질관리 유경험자,0.01,0,0.0546383180502561,4.937957643719428e-06
3895,변전시설의 설비 조작,0.01,0,0.0546383180502561,4.937957643719428e-06
3896,적정 재고 발주하기,0.01,0,0.0546383180502561,4.937957643719428e-06
3897,휴가관리,0.01,0,0.0546383180502561,4.937957643719428e-06
3898,파워쿼리,0.01,0,0.0546383180502561,4.937957643719428e-06
3899,통관,0.01,0,0.0546383180502561,4.937957643719428e-06
3900,영어 통,0.01,0,0.0546383180502561,4.937957643719428e-06
3901,경영기획 업무,0.01,0,0.0546383180502561,4.937957643719428e-06
3902,선박 스케줄 확인,0.01,0,0.0546383180502561,4.937957643719428e-06
3903,정보화 전략 수립,0.01,0,0.0546383180502561,4.937957643719428e-06
3904,L3 STATIC ROUTING,0.01,0,0.0546383180502561,4.937957643719428e-06
3905,버터플라밸브 경력,0.01,0,0.0546383180502561,4.937957643719428e-06
3906,MVVM,0.01,0,0.0546383180502561,4.937957643719428e-06
3907,직무 교육 운영,0.01,0,0.0546383180502561,4.937957643719428e-06
3908,택배발송관리,0.01,0,0.0546383180502561,4.937957643719428e-06
3909,기자회견 운영하기,0.01,0,0.0546383180502561,4.937957643719428e-06
3910,NETWORK,0.01,0,0.0546383180502561,4.937957643719428e-06
3911,대면상담,0.01,0,0.0546383180502561,4.937957643719428e-06
3912,CCTV공사,0.01,0,0.0546383180502561,4.937957643719428e-06
3913,WMS,0.01,0,0.0546383180502561,4.937957643719428e-06
3914,신상정보 관리,0.01,0,0.0546383180502561,4.937957643719428e-06
3915,식육가공,0.01,0,0.0546383180502561,4.937957643719428e-06
3916,선박엔진 기부속,0.01,0,0.0546383180502561,4.937957643719428e-06
3917,협력기관관리,0.01,0,0.0546383180502561,4.937957643719428e-06
3918,애자일 방식의 프로덕트 구축과 협업,0.01,0,0.0546383180502561,4.937957643719428e-06
3919,예약문의,0.01,0,0.0546383180502561,4.937957643719428e-06
3920,보상제도 기획,0.01,0,0.0546383180502561,4.937957643719428e-06
3921,공정기술 교육하기,0.01,0,0.0546383180502561,4.937957643719428e-06
3922,위반차량 심사 업무,0.01,0,0.0546383180502561,4.937957643719428e-06
3923,시공계획서 검토·승인하기,0.01,0,0.0546383180502561,4.937957643719428e-06
3924,통신 프로토콜 개발,0.01,0,0.0546383180502561,4.937957643719428e-06
3925,선.후행 관철 의장 공정,0.01,0,0.0546383180502561,4.937957643719428e-06
3926,대외 보고,0.01,0,0.0546383180502561,4.937957643719428e-06
3927,고객사 불량관리,0.01,0,0.0546383180502561,4.937957643719428e-06
3928,3D->2D 도면화,0.01,0,0.0546383180502561,4.937957643719428e-06
3929,육류 가공,0.01,0,0.0546383180502561,4.937957643719428e-06
3930,투자방법 결정하기,0.01,0,0.0546383180502561,4.937957643719428e-06
3931,해외 매출 관리,0.01,0,0.0546383180502561,4.937957643719428e-06
3932,판매촉진활동 평가하기,0.01,0,0.0546383180502561,4.937957643719428e-06
3933,제과제빵 관련 원부자재구매 경력,0.01,0,0.0546383180502561,4.937957643719428e-06
3934,회의 참가자 마케팅 계획 수립하기,0.01,0,0.0546383180502561,4.937957643719428e-06
3935,여행사 관련 회계업무,0.01,0,0.0546383180502561,4.937957643719428e-06
3936,차량용배터리 시트,0.01,0,0.0546383180502561,4.937957643719428e-06
3937,성능 검사하기,0.01,0,0.0546383180502561,4.937957643719428e-06
3938,직업훈련 운영,0.01,0,0.0546383180502561,4.937957643719428e-06
3939,변경 제출하기,0.01,0,0.0546383180502561,4.937957643719428e-06
3940,회원 관리 지원,0.01,0,0.0546383180502561,4.937957643719428e-06
3941,도면 프로그램 문서화작업,0.01,0,0.0546383180502561,4.937957643719428e-06
3942,XR,0.01,0,0.0546383180502561,4.937957643719428e-06
3943,자재명세표 작성,0.01,0,0.0546383180502561,4.937957643719428e-06
3944,ERP 운영,0.01,0,0.0546383180502561,4.937957643719428e-06
3945,선박관리,0.01,0,0.0546383180502561,4.937957643719428e-06
3946,국고사업,0.01,0,0.0546383180502561,4.937957643719428e-06
3947,배너 디자인,0.01,0,0.0546383180502561,4.937957643719428e-06
3948,투자활동 자금계획하기,0.01,0,0.0546383180502561,4.937957643719428e-06
3949,접수등록,0.01,0,0.0546383180502561,4.937957643719428e-06
3950,설비 지식,0.01,0,0.0546383180502561,4.937957643719428e-06
3951,생산 데이터 정리,0.01,0,0.0546383180502561,4.937957643719428e-06
3952,업무시간 동안 서서 작업,0.01,0,0.0546383180502561,4.937957643719428e-06
3953,타석관리,0.01,0,0.0546383180502561,4.937957643719428e-06
3954,플라스틱 사출 조립,0.01,0,0.0546383180502561,4.937957643719428e-06
3955,결과 보고서 작성,0.01,0,0.0546383180502561,4.937957643719428e-06
3956,각종 문서 제작,0.01,0,0.0546383180502561,4.937957643719428e-06
3957,사내교육,0.01,0,0.0546383180502561,4.937957643719428e-06
3958,자동차 전장품관련 생산계획관리자,0.01,0,0.0546383180502561,4.937957643719428e-06
3959,펌웨어 요구사항 분석하기,0.01,0,0.0546383180502561,4.937957643719428e-06
3960,편집작업,0.01,0,0.0546383180502561,4.937957643719428e-06
3961,현장설치,0.01,0,0.0546383180502561,4.937957643719428e-06
3962,관련업무 종사 경험,0.01,0,0.0546383180502561,4.937957643719428e-06
3963,센터장비관리,0.01,0,0.0546383180502561,4.937957643719428e-06
3964,연출,0.01,0,0.0546383180502561,4.937957643719428e-06
3965,ITS,0.01,0,0.0546383180502561,4.937957643719428e-06
3966,이슈 진행 검토,0.01,0,0.0546383180502561,4.937957643719428e-06
3967,공연행사기획,0.01,0,0.0546383180502561,4.937957643719428e-06
3968,프라스틱 사출 경력,0.01,0,0.0546383180502561,4.937957643719428e-06
3969,간호학생교육관리,0.01,0,0.0546383180502561,4.937957643719428e-06
3970,발주확인,0.01,0,0.0546383180502561,4.937957643719428e-06
3971,문짝,0.01,0,0.0546383180502561,4.937957643719428e-06
3972,호텔 객실 예약,0.01,0,0.0546383180502561,4.937957643719428e-06
3973,건설업체 근무,0.01,0,0.0546383180502561,4.937957643719428e-06
3974,네이버 애널리틱스,0.01,0,0.0546383180502561,4.937957643719428e-06
3975,국제협력사업 개발,0.01,0,0.0546383180502561,4.937957643719428e-06
3976,중국어 등,0.01,0,0.0546383180502561,4.937957643719428e-06
3977,생산부서 관리,0.01,0,0.0546383180502561,4.937957643719428e-06
3978,온라인홍보,0.01,0,0.0546383180502561,4.937957643719428e-06
3979,혼합실,0.01,0,0.0546383180502561,4.937957643719428e-06
3980,정보통신 관련 분야 장비 개발,0.01,0,0.0546383180502561,4.937957643719428e-06
3981,정밀점검,0.01,0,0.0546383180502561,4.937957643719428e-06
3982,부품 검토,0.01,0,0.0546383180502561,4.937957643719428e-06
3983,산학협력단 회계업무 경력,0.01,0,0.0546383180502561,4.937957643719428e-06
3984,건축자재 취급 경험,0.01,0,0.0546383180502561,4.937957643719428e-06
3985,전산세무2급,0.01,0,0.0546383180502561,4.937957643719428e-06
3986,키스콘신고,0.01,0,0.0546383180502561,4.937957643719428e-06
3987,ANDROID JETPACK,0.01,0,0.0546383180502561,4.937957643719428e-06
3988,재산 관리,0.01,0,0.0546383180502561,4.937957643719428e-06
3989,약품 재고 관리,0.01,0,0.0546383180502561,4.937957643719428e-06
3990,서비스관리,0.01,0,0.0546383180502561,4.937957643719428e-06
3991,W 관련 전공,0.01,0,0.0546383180502561,4.937957643719428e-06
3992,LABVIEW 프로그램 제작,0.01,0,0.0546383180502561,4.937957643719428e-06
3993,프론트 인포메이션 경력자,0.01,0,0.0546383180502561,4.937957643719428e-06
3994,건축공사 현장대리,0.01,0,0.0546383180502561,4.937957643719428e-06
3995,도로공사평가업무,0.01,0,0.0546383180502561,4.937957643719428e-06
3996,감사 대응,0.01,0,0.0546383180502561,4.937957643719428e-06
3997,봉제분야,0.01,0,0.0546383180502561,4.937957643719428e-06
3998,방사선사,0.01,0,0.0546383180502561,4.937957643719428e-06
3999,MILL SHEET,0.01,0,0.0546383180502561,4.937957643719428e-06
4000,법인체 인수합병,0.01,0,0.0546383180502561,4.937957643719428e-06
4001,지게차운전면허소지자,0.01,0,0.0546383180502561,4.937957643719428e-06
4002,납품사무,0.01,0,0.0546383180502561,4.937957643719428e-06
4003,프로토타이핑,0.01,0,0.0546383180502561,4.937957643719428e-06
4004,개선 방안 수립,0.01,0,0.0546383180502561,4.937957643719428e-06
4005,인터페이스 기능 구현하기,0.01,0,0.0546383180502561,4.937957643719428e-06
4006,ERP활용,0.01,0,0.0546383180502561,4.937957643719428e-06
4007,계약체결방법 구분하기,0.01,0,0.0546383180502561,4.937957643719428e-06
4008,렌탈상담,0.01,0,0.0546383180502561,4.937957643719428e-06
4009,서비스마인드 필요,0.01,0,0.0546383180502561,4.937957643719428e-06
4010,생산 관리 일반,0.01,0,0.0546383180502561,4.937957643719428e-06
4011,생산성 개선하기,0.01,0,0.0546383180502561,4.937957643719428e-06
4012,마케팅 자료 기획,0.01,0,0.0546383180502561,4.937957643719428e-06
4013,SNS 마케팅 영상 컨텐츠 디자인,0.01,0,0.0546383180502561,4.937957643719428e-06
4014,최종 내역 계산하기,0.01,0,0.0546383180502561,4.937957643719428e-06
4015,영상 업로드 관리,0.01,0,0.0546383180502561,4.937957643719428e-06
4016,개인 복장,0.01,0,0.0546383180502561,4.937957643719428e-06
4017,SPRING BOOT,0.01,0,0.0546383180502561,4.937957643719428e-06
4018,대리점관리,0.01,0,0.0546383180502561,4.937957643719428e-06
4019,HRD 사용 경험자,0.01,0,0.0546383180502561,4.937957643719428e-06
4020,ISTQB,0.01,0,0.0546383180502561,4.937957643719428e-06
4021,입실 문의 글에 댓글 달기,0.01,0,0.0546383180502561,4.937957643719428e-06
4022,폐기물 처리산업기사,0.01,0,0.0546383180502561,4.937957643719428e-06
4023,FTA원산지증명서의 발행,0.01,0,0.0546383180502561,4.937957643719428e-06
4024,하우스 강관,0.01,0,0.0546383180502561,4.937957643719428e-06
4025,기존외주업체관리,0.01,0,0.0546383180502561,4.937957643719428e-06
4026,SQ유지관리,0.01,0,0.0546383180502561,4.937957643719428e-06
4027,부품 원가 분석,0.01,0,0.0546383180502561,4.937957643719428e-06
4028,매입 거래처 관리,0.01,0,0.0546383180502561,4.937957643719428e-06
4029,원부자재 발주,0.01,0,0.0546383180502561,4.937957643719428e-06
4030,CW,0.01,0,0.0546383180502561,4.937957643719428e-06
4031,코일 입출고,0.01,0,0.0546383180502561,4.937957643719428e-06
4032,제품 출입고 관리,0.01,0,0.0546383180502561,4.937957643719428e-06
4033,플랫폼 기획,0.01,0,0.0546383180502561,4.937957643719428e-06
4034,선사들 관리,0.01,0,0.0546383180502561,4.937957643719428e-06
4035,수질검사,0.01,0,0.0546383180502561,4.937957643719428e-06
4036,해외 거래처와 업무관련 EMAIL,0.01,0,0.0546383180502561,4.937957643719428e-06
4037,STM32 C,0.01,0,0.0546383180502561,4.937957643719428e-06
4038,핵심 성공요소 도출하기,0.01,0,0.0546383180502561,4.937957643719428e-06
4039,지제차운전,0.01,0,0.0546383180502561,4.937957643719428e-06
4040,설비과장,0.01,0,0.0546383180502561,4.937957643719428e-06
4041,블로그마케팅,0.01,0,0.0546383180502561,4.937957643719428e-06
4042,물류 환경 조사하기,0.01,0,0.0546383180502561,4.937957643719428e-06
4043,낚시코너 정리,0.01,0,0.0546383180502561,4.937957643719428e-06
4044,매입매출전표관리,0.01,0,0.0546383180502561,4.937957643719428e-06
4045,방산 자재구매,0.01,0,0.0546383180502561,4.937957643719428e-06
4046,문틀,0.01,0,0.0546383180502561,4.937957643719428e-06
4047,수도권 거래처관리,0.01,0,0.0546383180502561,4.937957643719428e-06
4048,제작인력 구성하기,0.01,0,0.0546383180502561,4.937957643719428e-06
4049,재고장 관리,0.01,0,0.0546383180502561,4.937957643719428e-06
4050,입주자대표회의 진행,0.01,0,0.0546383180502561,4.937957643719428e-06
4051,전기과장,0.01,0,0.0546383180502561,4.937957643719428e-06
4052,VPN,0.01,0,0.0546383180502561,4.937957643719428e-06
4053,개체 인식,0.01,0,0.0546383180502561,4.937957643719428e-06
4054,산업안전산업기사,0.01,0,0.0546383180502561,4.937957643719428e-06
4055,법정 의무 교육 운영,0.01,0,0.0546383180502561,4.937957643719428e-06
4056,국가기술자격 취득자,0.01,0,0.0546383180502561,4.937957643719428e-06
4057,관련 비용 정산,0.01,0,0.0546383180502561,4.937957643719428e-06
4058,해외 거래처 관리,0.01,0,0.0546383180502561,4.937957643719428e-06
4059,컨설팅,0.01,0,0.0546383180502561,4.937957643719428e-06
4060,식품기계 조작,0.01,0,0.0546383180502561,4.937957643719428e-06
4061,생산라인 품질관리,0.01,0,0.0546383180502561,4.937957643719428e-06
4062,행사 설문조사,0.01,0,0.0546383180502561,4.937957643719428e-06
4063,회의 통역,0.01,0,0.0546383180502561,4.937957643719428e-06
4064,매출세금계산서 발행,0.01,0,0.0546383180502561,4.937957643719428e-06
4065,기준 정비,0.01,0,0.0546383180502561,4.937957643719428e-06
4066,가스기사,0.01,0,0.0546383180502561,4.937957643719428e-06
4067,영어 소통,0.01,0,0.0546383180502561,4.937957643719428e-06
4068,회의 지원,0.01,0,0.0546383180502561,4.937957643719428e-06
4069,서비스 마케팅 기획,0.01,0,0.0546383180502561,4.937957643719428e-06
4070,임직원 교육훈련,0.01,0,0.0546383180502561,4.937957643719428e-06
4071,금속구조물,0.01,0,0.0546383180502561,4.937957643719428e-06
4072,2차가공,0.01,0,0.0546383180502561,4.937957643719428e-06
4073,ELT,0.01,0,0.0546383180502561,4.937957643719428e-06
4074,기준규격 확인하기,0.01,0,0.0546383180502561,4.937957643719428e-06
4075,장애인일자리센터,0.01,0,0.0546383180502561,4.937957643719428e-06
4076,시각 디자인,0.01,0,0.0546383180502561,4.937957643719428e-06
4077,핵심 로직 설계,0.01,0,0.0546383180502561,4.937957643719428e-06
4078,분양현장관리,0.01,0,0.0546383180502561,4.937957643719428e-06
4079,기사 앵글 기획,0.01,0,0.0546383180502561,4.937957643719428e-06
4080,공식홈페이지 기획 운영,0.01,0,0.0546383180502561,4.937957643719428e-06
4081,주문수집,0.01,0,0.0546383180502561,4.937957643719428e-06
4082,ERP프로그램상 수불관리,0.01,0,0.0546383180502561,4.937957643719428e-06
4083,더존 I-CUBE 사용 가능자,0.01,0,0.0546383180502561,4.937957643719428e-06
4084,지역역량강화 교육,0.01,0,0.0546383180502561,4.937957643719428e-06
4085,조별 정산,0.01,0,0.0546383180502561,4.937957643719428e-06
4086,사무실청소,0.01,0,0.0546383180502561,4.937957643719428e-06
4087,3D 자격증,0.01,0,0.0546383180502561,4.937957643719428e-06
4088,미리캠버스,0.01,0,0.0546383180502561,4.937957643719428e-06
4089,요양병원평가,0.01,0,0.0546383180502561,4.937957643719428e-06
4090,시설 전체의 관리,0.01,0,0.0546383180502561,4.937957643719428e-06
4091,시설물 생산관리,0.01,0,0.0546383180502561,4.937957643719428e-06
4092,지분법 평가,0.01,0,0.0546383180502561,4.937957643719428e-06
4093,GIT-FLOW,0.01,0,0.0546383180502561,4.937957643719428e-06
4094,토목 건설현장,0.01,0,0.0546383180502561,4.937957643719428e-06
4095,상품 경쟁력 분석,0.01,0,0.0546383180502561,4.937957643719428e-06
4096,가구자재관리,0.01,0,0.0546383180502561,4.937957643719428e-06
4097,관리상담매니저,0.01,0,0.0546383180502561,4.937957643719428e-06
4098,교육 영업 지원,0.01,0,0.0546383180502561,4.937957643719428e-06
4099,SUPPLIER MANAGEMENT,0.01,0,0.0546383180502561,4.937957643719428e-06
4100,투숙객 입-퇴실 관리,0.01,0,0.0546383180502561,4.937957643719428e-06
4101,정부지원금관리대출,0.01,0,0.0546383180502561,4.937957643719428e-06
4102,근무시간대 조율,0.01,0,0.0546383180502561,4.937957643719428e-06
4103,전기분야 업무,0.01,0,0.0546383180502561,4.937957643719428e-06
4104,부트로더 구현,0.01,0,0.0546383180502561,4.937957643719428e-06
4105,냉동배차,0.01,0,0.0546383180502561,4.937957643719428e-06
4106,신규업체 발굴,0.01,0,0.0546383180502561,4.937957643719428e-06
4107,부동산 중개업무,0.01,0,0.0546383180502561,4.937957643719428e-06
4108,신규수임업무,0.01,0,0.0546383180502561,4.937957643719428e-06
4109,손해사정사,0.01,0,0.0546383180502561,4.937957643719428e-06
4110,F 펨웨어 개발,0.01,0,0.0546383180502561,4.937957643719428e-06
4111,UNREAL,0.01,0,0.0546383180502561,4.937957643719428e-06
4112,KPI 작성,0.01,0,0.0546383180502561,4.937957643719428e-06
4113,가스안전관리자격,0.01,0,0.0546383180502561,4.937957643719428e-06
4114,신규사업발굴,0.01,0,0.0546383180502561,4.937957643719428e-06
4115,관리소장업무,0.01,0,0.0546383180502561,4.937957643719428e-06
4116,관리비 부과 업무,0.01,0,0.0546383180502561,4.937957643719428e-06
4117,사회복지사의 자격,0.01,0,0.0546383180502561,4.937957643719428e-06
4118,소방안전관리자 2급,0.01,0,0.0546383180502561,4.937957643719428e-06
4119,기업 건강검진 컨설팅,0.01,0,0.0546383180502561,4.937957643719428e-06
4120,JQUERY,0.01,0,0.0546383180502561,4.937957643719428e-06
4121,토지이용계획,0.01,0,0.0546383180502561,4.937957643719428e-06
4122,TYPESCRIPT,0.01,0,0.0546383180502561,4.937957643719428e-06
4123,수금관리,0.01,0,0.0546383180502561,4.937957643719428e-06
4124,예산 계획 수립,0.01,0,0.0546383180502561,4.937957643719428e-06
4125,프론트엔드,0.01,0,0.0546383180502561,4.937957643719428e-06
4126,친절하고 꼼꼼한 성격의 소유자 우대사항이 언급되었습니다.,0.01,0,0.0546383180502561,4.937957643719428e-06
4127,상품 진열,0.01,0,0.0546383180502561,4.937957643719428e-06
4128,소방안전관리자 1급 이상,0.01,0,0.0546383180502561,4.937957643719428e-06
4129,QM검사,0.01,0,0.0546383180502561,4.937957643719428e-06
4130,2종보통 운전,0.01,0,0.0546383180502561,4.937957643719428e-06
4131,멀티보링기계,0.01,0,0.0546383180502561,4.937957643719428e-06
4132,납기일정 조율,0.01,0,0.0546383180502561,4.937957643719428e-06
4133,밀키트,0.01,0,0.0546383180502561,4.937957643719428e-06
4134,쇼핑몰 보안,0.01,0,0.0546383180502561,4.937957643719428e-06
4135,영문 이메일 송수신,0.01,0,0.0546383180502561,4.937957643719428e-06
4136,프로그램 ERP더존,0.01,0,0.0546383180502561,4.937957643719428e-06
4137,사내 재고품 ERP 등록,0.01,0,0.0546383180502561,4.937957643719428e-06
4138,대기방지시설 제작,0.01,0,0.0546383180502561,4.937957643719428e-06
4139,스마트 공장 구축,0.01,0,0.0546383180502561,4.937957643719428e-06
4140,식물 검역,0.01,0,0.0546383180502561,4.937957643719428e-06
4141,CAN,0.01,0,0.0546383180502561,4.937957643719428e-06
4142,안전관련 문서수발 작업,0.01,0,0.0546383180502561,4.937957643719428e-06
4143,UNIX,0.01,0,0.0546383180502561,4.937957643719428e-06
4144,전산장비 관리,0.01,0,0.0546383180502561,4.937957643719428e-06
4145,배차지시,0.01,0,0.0546383180502561,4.937957643719428e-06
4146,현금 지급,0.01,0,0.0546383180502561,4.937957643719428e-06
4147,RS-485,0.01,0,0.0546383180502561,4.937957643719428e-06
4148,유튜브 콘텐츠 기획,0.01,0,0.0546383180502561,4.937957643719428e-06
4149,제조품질 관리,0.01,0,0.0546383180502561,4.937957643719428e-06
4150,일본 공급자 발굴,0.01,0,0.0546383180502561,4.937957643719428e-06
4151,드론과 연계된 제품 HW 설계,0.01,0,0.0546383180502561,4.937957643719428e-06
4152,커피전문점 근무,0.01,0,0.0546383180502561,4.937957643719428e-06
4153,단체교섭 유경험자,0.01,0,0.0546383180502561,4.937957643719428e-06
4154,구성하기,0.01,0,0.0546383180502561,4.937957643719428e-06
4155,자재 협의 발주 견적업,0.01,0,0.0546383180502561,4.937957643719428e-06
4156,온라인 광고의 컨텐츠 제작,0.01,0,0.0546383180502561,4.937957643719428e-06
4157,유지 관리하기,0.01,0,0.0546383180502561,4.937957643719428e-06
4158,원재료 발주,0.01,0,0.0546383180502561,4.937957643719428e-06
4159,YOLO 개발,0.01,0,0.0546383180502561,4.937957643719428e-06
4160,실습 조교,0.01,0,0.0546383180502561,4.937957643719428e-06
4161,이벤트 제작물 수요 파악하기,0.01,0,0.0546383180502561,4.937957643719428e-06
4162,운전명허증 소지자,0.01,0,0.0546383180502561,4.937957643719428e-06
4163,물류입출고 검수,0.01,0,0.0546383180502561,4.937957643719428e-06
4164,목창호공사,0.01,0,0.0546383180502561,4.937957643719428e-06
4165,가스관리,0.01,0,0.0546383180502561,4.937957643719428e-06
4166,품질관리중급이상,0.01,0,0.0546383180502561,4.937957643719428e-06
4167,자재 보관 관리하기,0.01,0,0.0546383180502561,4.937957643719428e-06
4168,주파수분할 다중화장비,0.01,0,0.0546383180502561,4.937957643719428e-06
4169,재료설계 기술표준 작성하기,0.01,0,0.0546383180502561,4.937957643719428e-06
4170,관세 혜택,0.01,0,0.0546383180502561,4.937957643719428e-06
4171,공동주택 기,0.01,0,0.0546383180502561,4.937957643719428e-06
4172,운영 기획,0.01,0,0.0546383180502561,4.937957643719428e-06
4173,운영 마케팅,0.01,0,0.0546383180502561,4.937957643719428e-06
4174,사업계획서작성,0.01,0,0.0546383180502561,4.937957643719428e-06
4175,법인카드 관리,0.01,0,0.0546383180502561,4.937957643719428e-06
4176,펌웨어 구현하기,0.01,0,0.0546383180502561,4.937957643719428e-06
4177,기 제도권 또는 스타트업 금융서비스 개발,0.01,0,0.0546383180502561,4.937957643719428e-06
4178,안정화,0.01,0,0.0546383180502561,4.937957643719428e-06
4179,유전공학,0.01,0,0.0546383180502561,4.937957643719428e-06
4180,성적서관리,0.01,0,0.0546383180502561,4.937957643719428e-06
4181,관련업무 분야 5년 이상 근무 경력자,0.01,0,0.0546383180502561,4.937957643719428e-06
4182,마감자재 투입일정,0.01,0,0.0546383180502561,4.937957643719428e-06
4183,독립적인 업무 수행,0.01,0,0.0546383180502561,4.937957643719428e-06
4184,열관리 기능사,0.01,0,0.0546383180502561,4.937957643719428e-06
4185,청소상태 점검,0.01,0,0.0546383180502561,4.937957643719428e-06
4186,사업 기획의 보조 업무,0.01,0,0.0546383180502561,4.937957643719428e-06
4187,순환골재 품질,0.01,0,0.0546383180502561,4.937957643719428e-06
4188,쓰기,0.01,0,0.0546383180502561,4.937957643719428e-06
4189,자재 입고 외 ERP입력,0.01,0,0.0546383180502561,4.937957643719428e-06
4190,기계설비유지관리자 초급 이상,0.01,0,0.0546383180502561,4.937957643719428e-06
4191,예약현황 정리,0.01,0,0.0546383180502561,4.937957643719428e-06
4192,데이터 시각화,0.01,0,0.0546383180502561,4.937957643719428e-06
4193,행정처리,0.01,0,0.0546383180502561,4.937957643719428e-06
4194,이벤트 특성 파악하기,0.01,0,0.0546383180502561,4.937957643719428e-06
4195,공정 능력 관리,0.01,0,0.0546383180502561,4.937957643719428e-06
4196,상품인증 관리,0.01,0,0.0546383180502561,4.937957643719428e-06
4197,프로그래밍 개발,0.01,0,0.0546383180502561,4.937957643719428e-06
4198,1종보통 운전면허증,0.01,0,0.0546383180502561,4.937957643719428e-06
4199,사업성 평가,0.01,0,0.0546383180502561,4.937957643719428e-06
4200,제작 도면작성,0.01,0,0.0546383180502561,4.937957643719428e-06
4201,급여 명세서 관리,0.01,0,0.0546383180502561,4.937957643719428e-06
4202,취업관리,0.01,0,0.0546383180502561,4.937957643719428e-06
4203,상세 페이지,0.01,0,0.0546383180502561,4.937957643719428e-06
4204,창고 상품적재,0.01,0,0.0546383180502561,4.937957643719428e-06
4205,클라우드 시스템,0.01,0,0.0546383180502561,4.937957643719428e-06
4206,분양업무 수주하기,0.01,0,0.0546383180502561,4.937957643719428e-06
4207,더존 스마트A 사용가능자,0.01,0,0.0546383180502561,4.937957643719428e-06
4208,기본적인 장부 기장 능력,0.01,0,0.0546383180502561,4.937957643719428e-06
4209,생산 라인 관리,0.01,0,0.0546383180502561,4.937957643719428e-06
4210,수출입계약,0.01,0,0.0546383180502561,4.937957643719428e-06
4211,수입수출 판매,0.01,0,0.0546383180502561,4.937957643719428e-06
4212,펌웨어 프로그램 개발,0.01,0,0.0546383180502561,4.937957643719428e-06
4213,컨텐츠 관리,0.01,0,0.0546383180502561,4.937957643719428e-06
4214,상품개발,0.01,0,0.0546383180502561,4.937957643719428e-06
4215,도면 작업,0.01,0,0.0546383180502561,4.937957643719428e-06
4216,구매계획,0.01,0,0.0546383180502561,4.937957643719428e-06
4217,NEXCRO,0.01,0,0.0546383180502561,4.937957643719428e-06
4218,PRODUCT INTRODUCTION,0.01,0,0.0546383180502561,4.937957643719428e-06
4219,청구관련업무,0.01,0,0.0546383180502561,4.937957643719428e-06
4220,생산일정 계획하기,0.01,0,0.0546383180502561,4.937957643719428e-06
4221,경리 회계 경력자,0.01,0,0.0546383180502561,4.937957643719428e-06
4222,냉동 컨테이너 배차보조업무,0.01,0,0.0546383180502561,4.937957643719428e-06
4223,출퇴근 업무지원,0.01,0,0.0546383180502561,4.937957643719428e-06
4224,정부지원금 신청,0.01,0,0.0546383180502561,4.937957643719428e-06
4225,기술 문의 대응,0.01,0,0.0546383180502561,4.937957643719428e-06
4226,표시기,0.01,0,0.0546383180502561,4.937957643719428e-06
4227,머신비젼,0.01,0,0.0546383180502561,4.937957643719428e-06
4228,수입 신고,0.01,0,0.0546383180502561,4.937957643719428e-06
4229,집계관리,0.01,0,0.0546383180502561,4.937957643719428e-06
4230,IELTS 5.5,0.01,0,0.0546383180502561,4.937957643719428e-06
4231,간이지급 등 제출,0.01,0,0.0546383180502561,4.937957643719428e-06
4232,부가세 정리,0.01,0,0.0546383180502561,4.937957643719428e-06
4233,핸드폰외장가공,0.01,0,0.0546383180502561,4.937957643719428e-06
4234,작업환경측정,0.01,0,0.0546383180502561,4.937957643719428e-06
4235,면학 분위기 조성,0.01,0,0.0546383180502561,4.937957643719428e-06
4236,통계학,0.01,0,0.0546383180502561,4.937957643719428e-06
4237,재무분석,0.01,0,0.0546383180502561,4.937957643719428e-06
4238,생산 일정 작성,0.01,0,0.0546383180502561,4.937957643719428e-06
4239,신규 공장 발굴,0.01,0,0.0546383180502561,4.937957643719428e-06
4240,컨택,0.01,0,0.0546383180502561,4.937957643719428e-06
4241,불안전시설물 개선하기,0.01,0,0.0546383180502561,4.937957643719428e-06
4242,이물관리점검표,0.01,0,0.0546383180502561,4.937957643719428e-06
4243,행정사무 전반,0.01,0,0.0546383180502561,4.937957643719428e-06
4244,택배 상하차 작업,0.01,0,0.0546383180502561,4.937957643719428e-06
4245,배치 관련 업무,0.01,0,0.0546383180502561,4.937957643719428e-06
4246,광고관리,0.01,0,0.0546383180502561,4.937957643719428e-06
4247,빅데이터 수집시스템 구성,0.01,0,0.0546383180502561,4.937957643719428e-06
4248,DELPHI,0.01,0,0.0546383180502561,4.937957643719428e-06
4249,입출항수속,0.01,0,0.0546383180502561,4.937957643719428e-06
4250,작업자 위생 관리하기,0.01,0,0.0546383180502561,4.937957643719428e-06
4251,상세 페이지 구성,0.01,0,0.0546383180502561,4.937957643719428e-06
4252,전산입력업무,0.01,0,0.0546383180502561,4.937957643719428e-06
4253,그림파일,0.01,0,0.0546383180502561,4.937957643719428e-06
4254,일보작성,0.01,0,0.0546383180502561,4.937957643719428e-06
4255,신규 거래처 영업,0.01,0,0.0546383180502561,4.937957643719428e-06
4256,PHASER,0.01,0,0.0546383180502561,4.937957643719428e-06
4257,엑셀사용능력,0.01,0,0.0546383180502561,4.937957643719428e-06
4258,입고 출고업무,0.01,0,0.0546383180502561,4.937957643719428e-06
4259,보호자상담,0.01,0,0.0546383180502561,4.937957643719428e-06
4260,회원사 급여대장 작성,0.01,0,0.0546383180502561,4.937957643719428e-06
4261,소송,0.01,0,0.0546383180502561,4.937957643719428e-06
4262,금속제품 도장준비,0.01,0,0.0546383180502561,4.937957643719428e-06
4263,숙박,0.01,0,0.0546383180502561,4.937957643719428e-06
4264,전산장비 유지보수,0.01,0,0.0546383180502561,4.937957643719428e-06
4265,통계자료 입력,0.01,0,0.0546383180502561,4.937957643719428e-06
4266,시설설비 수리,0.01,0,0.0546383180502561,4.937957643719428e-06
4267,메타버스 기반 교육 기획,0.01,0,0.0546383180502561,4.937957643719428e-06
4268,생산 실적관리,0.01,0,0.0546383180502561,4.937957643719428e-06
4269,세라믹,0.01,0,0.0546383180502561,4.937957643719428e-06
4270,웹 서비스 성능 최적화 경험,0.01,0,0.0546383180502561,4.937957643719428e-06
4271,대외 행사관리,0.01,0,0.0546383180502561,4.937957643719428e-06
4272,교육 컨텐츠 기획,0.01,0,0.0546383180502561,4.937957643719428e-06
4273,대규모 지식산업센터 관리 有 경험자,0.01,0,0.0546383180502561,4.937957643719428e-06
4274,당일 배송 나갈 물류 흐름 파악,0.01,0,0.0546383180502561,4.937957643719428e-06
4275,보일러 안전,0.01,0,0.0546383180502561,4.937957643719428e-06
4276,사업체 관리,0.01,0,0.0546383180502561,4.937957643719428e-06
4277,전산 처리,0.01,0,0.0546383180502561,4.937957643719428e-06
4278,물류납품,0.01,0,0.0546383180502561,4.937957643719428e-06
4279,개인정보보호 관리체계 수립,0.01,0,0.0546383180502561,4.937957643719428e-06
4280,직종별 급여 지급,0.01,0,0.0546383180502561,4.937957643719428e-06
4281,각종문서점검,0.01,0,0.0546383180502561,4.937957643719428e-06
4282,영상보안 관리,0.01,0,0.0546383180502561,4.937957643719428e-06
4283,마케팅 경력 업무,0.01,0,0.0546383180502561,4.937957643719428e-06
4284,영어 회화,0.01,0,0.0546383180502561,4.937957643719428e-06
4285,농산식품 거래처 관리하기,0.01,0,0.0546383180502561,4.937957643719428e-06
4286,직원 인사관리,0.01,0,0.0546383180502561,4.937957643719428e-06
4287,설치검사,0.01,0,0.0546383180502561,4.937957643719428e-06
4288,제조 직원,0.01,0,0.0546383180502561,4.937957643719428e-06
4289,데이터 컨설팅,0.01,0,0.0546383180502561,4.937957643719428e-06
4290,외국어,0.01,0,0.0546383180502561,4.937957643719428e-06
4291,공정 진행 관리,0.01,0,0.0546383180502561,4.937957643719428e-06
4292,컴퓨터 단순입력 가능자,0.01,0,0.0546383180502561,4.937957643719428e-06
4293,언론,0.01,0,0.0546383180502561,4.937957643719428e-06
4294,품질평가 계획 수립하기,0.01,0,0.0546383180502561,4.937957643719428e-06
4295,증명서 발급하기,0.01,0,0.0546383180502561,4.937957643719428e-06
4296,주유소 관리,0.01,0,0.0546383180502561,4.937957643719428e-06
4297,분양대금 수납,0.01,0,0.0546383180502561,4.937957643719428e-06
4298,개인위생 관리하기,0.01,0,0.0546383180502561,4.937957643719428e-06
4299,기자재 영업,0.01,0,0.0546383180502561,4.937957643719428e-06
4300,중국 관련 업무,0.01,0,0.0546383180502561,4.937957643719428e-06
4301,식품관련 영업 경력,0.01,0,0.0546383180502561,4.937957643719428e-06
4302,데이터레이크,0.01,0,0.0546383180502561,4.937957643719428e-06
4303,기관물품조사,0.01,0,0.0546383180502561,4.937957643719428e-06
4304,AURORA,0.01,0,0.0546383180502561,4.937957643719428e-06
4305,원무행정업무,0.01,0,0.0546383180502561,4.937957643719428e-06
4306,선박 관리,0.01,0,0.0546383180502561,4.937957643719428e-06
4307,컨테이너 운송,0.01,0,0.0546383180502561,4.937957643719428e-06
4308,품질 제품검사,0.01,0,0.0546383180502561,4.937957643719428e-06
4309,홍보 마케팅 기획,0.01,0,0.0546383180502561,4.937957643719428e-06
4310,객실 수요 예측하기,0.01,0,0.0546383180502561,4.937957643719428e-06
4311,컴퓨터 관련 학과,0.01,0,0.0546383180502561,4.937957643719428e-06
4312,부동산 분양,0.01,0,0.0546383180502561,4.937957643719428e-06
4313,고충처리,0.01,0,0.0546383180502561,4.937957643719428e-06
4314,직무 관련 자격증,0.01,0,0.0546383180502561,4.937957643719428e-06
4315,기계분야 생산관리 유경험자,0.01,0,0.0546383180502561,4.937957643719428e-06
4316,착공내역작성,0.01,0,0.0546383180502561,4.937957643719428e-06
4317,도전 정신,0.01,0,0.0546383180502561,4.937957643719428e-06
4318,해외영업 환경 분석,0.01,0,0.0546383180502561,4.937957643719428e-06
4319,본사관리,0.01,0,0.0546383180502561,4.937957643719428e-06
4320,시설장,0.01,0,0.0546383180502561,4.937957643719428e-06
4321,선입선출하기,0.01,0,0.0546383180502561,4.937957643719428e-06
4322,보안 이슈 이해,0.01,0,0.0546383180502561,4.937957643719428e-06
4323,현장 감독,0.01,0,0.0546383180502561,4.937957643719428e-06
4324,생산 발주,0.01,0,0.0546383180502561,4.937957643719428e-06
4325,경영진 일정 계획,0.01,0,0.0546383180502561,4.937957643719428e-06
4326,자산관리,0.01,0,0.0546383180502561,4.937957643719428e-06
4327,외근 가능자,0.01,0,0.0546383180502561,4.937957643719428e-06
4328,로컬관광사업 현장관리,0.01,0,0.0546383180502561,4.937957643719428e-06
4329,건설업 영업관리,0.01,0,0.0546383180502561,4.937957643719428e-06
4330,법규 확인,0.01,0,0.0546383180502561,4.937957643719428e-06
4331,용업 업체 관리,0.01,0,0.0546383180502561,4.937957643719428e-06
4332,고객 입회 검사,0.01,0,0.0546383180502561,4.937957643719428e-06
4333,교육기획,0.01,0,0.0546383180502561,4.937957643719428e-06
4334,API,0.01,0,0.0546383180502561,4.937957643719428e-06
4335,자바개발자,0.01,0,0.0546383180502561,4.937957643719428e-06
4336,셔틀버스 관리하기,0.01,0,0.0546383180502561,4.937957643719428e-06
4337,대리점 방문,0.01,0,0.0546383180502561,4.937957643719428e-06
4338,온도점검,0.01,0,0.0546383180502561,4.937957643719428e-06
4339,외식업소 회원관리,0.01,0,0.0546383180502561,4.937957643719428e-06
4340,부적합품 관리,0.01,0,0.0546383180502561,4.937957643719428e-06
4341,원재료 입출고,0.01,0,0.0546383180502561,4.937957643719428e-06
4342,전기전자,0.01,0,0.0546383180502561,4.937957643719428e-06
4343,영어 능통자,0.01,0,0.0546383180502561,4.937957643719428e-06
4344,설계도서 시공성 검토하기,0.01,0,0.0546383180502561,4.937957643719428e-06
4345,물류센터 관리 유경험자,0.01,0,0.0546383180502561,4.937957643719428e-06
4346,오피스 프로그램 능숙자,0.01,0,0.0546383180502561,4.937957643719428e-06
4347,퍼포먼스 마케팅,0.01,0,0.0546383180502561,4.937957643719428e-06
4348,창호공사 현장관리,0.01,0,0.0546383180502561,4.937957643719428e-06
4349,중소기업 성장 지원,0.01,0,0.0546383180502561,4.937957643719428e-06
4350,시공사 선정,0.01,0,0.0546383180502561,4.937957643719428e-06
4351,사업성 분석,0.01,0,0.0546383180502561,4.937957643719428e-06
4352,통합 모니터링 관리,0.01,0,0.0546383180502561,4.937957643719428e-06
4353,HACCP 문서 유지,0.01,0,0.0546383180502561,4.937957643719428e-06
4354,소방안전 관리,0.01,0,0.0546383180502561,4.937957643719428e-06
4355,소분 작업,0.01,0,0.0546383180502561,4.937957643719428e-06
4356,행사안내,0.01,0,0.0546383180502561,4.937957643719428e-06
4357,성능 최적화,0.01,0,0.0546383180502561,4.937957643719428e-06
4358,클라우드 인프라스트럭처 기술,0.01,0,0.0546383180502561,4.937957643719428e-06
4359,1T 트럭 운전,0.01,0,0.0546383180502561,4.937957643719428e-06
4360,관리기준서 작성,0.01,0,0.0546383180502561,4.937957643719428e-06
4361,현장 품질관리 경력,0.01,0,0.0546383180502561,4.937957643719428e-06
4362,캐드도면 이해,0.01,0,0.0546383180502561,4.937957643719428e-06
4363,원가계획,0.01,0,0.0546383180502561,4.937957643719428e-06
4364,전기판넬 제작,0.01,0,0.0546383180502561,4.937957643719428e-06
4365,주차 안내,0.01,0,0.0546383180502561,4.937957643719428e-06
4366,앱 개발 프로젝트 총괄 경험,0.01,0,0.0546383180502561,4.937957643719428e-06
4367,생산일정 조율,0.01,0,0.0546383180502561,4.937957643719428e-06
4368,PC 생산관리,0.01,0,0.0546383180502561,4.937957643719428e-06
4369,전략 수립 경험,0.01,0,0.0546383180502561,4.937957643719428e-06
4370,지그 수리,0.01,0,0.0546383180502561,4.937957643719428e-06
4371,환경관리 계획하기,0.01,0,0.0546383180502561,4.937957643719428e-06
4372,인사제도컨설팅,0.01,0,0.0546383180502561,4.937957643719428e-06
4373,건설회사 사무직 경력직 사원,0.01,0,0.0546383180502561,4.937957643719428e-06
4374,재출고 송장출력,0.01,0,0.0546383180502561,4.937957643719428e-06
4375,영화관,0.01,0,0.0546383180502561,4.937957643719428e-06
4376,고객요구 조사하기,0.01,0,0.0546383180502561,4.937957643719428e-06
4377,패키지 제작관리,0.01,0,0.0546383180502561,4.937957643719428e-06
4378,하드웨어 테스트하기,0.01,0,0.0546383180502561,4.937957643719428e-06
4379,타자 빠르기,0.01,0,0.0546383180502561,4.937957643719428e-06
4380,블루투스 통신 앱 개발,0.01,0,0.0546383180502561,4.937957643719428e-06
4381,여행상품 마케팅 믹스,0.01,0,0.0546383180502561,4.937957643719428e-06
4382,SNS 운영,0.01,0,0.0546383180502561,4.937957643719428e-06
4383,조미 분석,0.01,0,0.0546383180502561,4.937957643719428e-06
4384,가맹점 수발주 관리,0.01,0,0.0546383180502561,4.937957643719428e-06
4385,편직,0.01,0,0.0546383180502561,4.937957643719428e-06
4386,개인보호구 관리,0.01,0,0.0546383180502561,4.937957643719428e-06
4387,불만 내용 분석ㆍ처리하기,0.01,0,0.0546383180502561,4.937957643719428e-06
4388,가공기계·설비위생 관리하기,0.01,0,0.0546383180502561,4.937957643719428e-06
4389,경영진에게 업무 보고하기,0.01,0,0.0546383180502561,4.937957643719428e-06
4390,철근가공생산,0.01,0,0.0546383180502561,4.937957643719428e-06
4391,명세서 입력,0.01,0,0.0546383180502561,4.937957643719428e-06
4392,레이져기계 조작,0.01,0,0.0546383180502561,4.937957643719428e-06
4393,활성화 사업,0.01,0,0.0546383180502561,4.937957643719428e-06
4394,전략기획,0.01,0,0.0546383180502561,4.937957643719428e-06
4395,소방설비기사,0.01,0,0.0546383180502561,4.937957643719428e-06
4396,공무업무 수행 경력자,0.01,0,0.0546383180502561,4.937957643719428e-06
4397,통신공사 시공,0.01,0,0.0546383180502561,4.937957643719428e-06
4398,구매 발주 관리,0.01,0,0.0546383180502561,4.937957643719428e-06
4399,유지관리자,0.01,0,0.0546383180502561,4.937957643719428e-06
4400,생산부 근태관리,0.01,0,0.0546383180502561,4.937957643719428e-06
4401,PCB의 기본공정,0.01,0,0.0546383180502561,4.937957643719428e-06
4402,내역작업,0.01,0,0.0546383180502561,4.937957643719428e-06
4403,제작 반응 분석,0.01,0,0.0546383180502561,4.937957643719428e-06
4404,블로그 개설,0.01,0,0.0546383180502561,4.937957643719428e-06
4405,고객 니즈 파악하기,0.01,0,0.0546383180502561,4.937957643719428e-06
4406,유니티 개발,0.01,0,0.0546383180502561,4.937957643719428e-06
4407,거래내역서,0.01,0,0.0546383180502561,4.937957643719428e-06
4408,생산 일보 마감,0.01,0,0.0546383180502561,4.937957643719428e-06
4409,블로그 홍보사이트,0.01,0,0.0546383180502561,4.937957643719428e-06
4410,영업용화물 자동차 관리,0.01,0,0.0546383180502561,4.937957643719428e-06
4411,인터넷 사용,0.01,0,0.0546383180502561,4.937957643719428e-06
4412,와이퍼생산,0.01,0,0.0546383180502561,4.937957643719428e-06
4413,BUSINESS BOUNDARY,0.01,0,0.0546383180502561,4.937957643719428e-06
4414,전자상거래 경험자,0.01,0,0.0546383180502561,4.937957643719428e-06
4415,인테리어 자재 관리,0.01,0,0.0546383180502561,4.937957643719428e-06
4416,사내 솔루션 개발,0.01,0,0.0546383180502561,4.937957643719428e-06
4417,콜센터 상담직,0.01,0,0.0546383180502561,4.937957643719428e-06
4418,한글 프로그램,0.01,0,0.0546383180502561,4.937957643719428e-06
4419,급여지급,0.01,0,0.0546383180502561,4.937957643719428e-06
4420,교육 기획,0.01,0,0.0546383180502561,4.937957643719428e-06
4421,기타 배정업무,0.01,0,0.0546383180502561,4.937957643719428e-06
4422,납기 준수,0.01,0,0.0546383180502561,4.937957643719428e-06
4423,심사평가,0.01,0,0.0546383180502561,4.937957643719428e-06
4424,PPAP 4M관리,0.01,0,0.0546383180502561,4.937957643719428e-06
4425,DDOS,0.01,0,0.0546383180502561,4.937957643719428e-06
4426,범용선반,0.01,0,0.0546383180502561,4.937957643719428e-06
4427,HACCP 인증,0.01,0,0.0546383180502561,4.937957643719428e-06
4428,수출물품 FTA 검토하기,0.01,0,0.0546383180502561,4.937957643719428e-06
4429,글자를 잘 읽을 줄 알아야 함,0.01,0,0.0546383180502561,4.937957643719428e-06
4430,기본적인 컴퓨터 업무 가능한자,0.01,0,0.0546383180502561,4.937957643719428e-06
4431,생산계획 파악,0.01,0,0.0546383180502561,4.937957643719428e-06
4432,외부 조경관리,0.01,0,0.0546383180502561,4.937957643719428e-06
4433,호텔경영학,0.01,0,0.0546383180502561,4.937957643719428e-06
4434,기성청구,0.01,0,0.0546383180502561,4.937957643719428e-06
4435,결과 분석,0.01,0,0.0546383180502561,4.937957643719428e-06
4436,전화주문 상담,0.01,0,0.0546383180502561,4.937957643719428e-06
4437,선장 보조,0.01,0,0.0546383180502561,4.937957643719428e-06
4438,디지털 광고집행 경험보유,0.01,0,0.0546383180502561,4.937957643719428e-06
4439,조선기자재 유경험자,0.01,0,0.0546383180502561,4.937957643719428e-06
4440,준공서류,0.01,0,0.0546383180502561,4.937957643719428e-06
4441,임베디드 펌웨어 엔지니어,0.01,0,0.0546383180502561,4.937957643719428e-06
4442,공정개선,0.01,0,0.0546383180502561,4.937957643719428e-06
4443,W 개발,0.01,0,0.0546383180502561,4.937957643719428e-06
4444,데이터 활용 기본계획 수립,0.01,0,0.0546383180502561,4.937957643719428e-06
4445,스마트 저축은행 이용관련 해피콜,0.01,0,0.0546383180502561,4.937957643719428e-06
4446,AWS,0.01,0,0.0546383180502561,4.937957643719428e-06
4447,내부 회의 준비,0.01,0,0.0546383180502561,4.937957643719428e-06
4448,공사관리부 현장관리,0.01,0,0.0546383180502561,4.937957643719428e-06
4449,ERP등록,0.01,0,0.0546383180502561,4.937957643719428e-06
4450,중국어 능통자,0.01,0,0.0546383180502561,4.937957643719428e-06
4451,회계처리 관련 지원,0.01,0,0.0546383180502561,4.937957643719428e-06
4452,참여 사업 관리,0.01,0,0.0546383180502561,4.937957643719428e-06
4453,채용 브랜딩 운영,0.01,0,0.0546383180502561,4.937957643719428e-06
4454,문제 해결 능력,0.01,0,0.0546383180502561,4.937957643719428e-06
4455,회의 홍보 전략 수립하기,0.01,0,0.0546383180502561,4.937957643719428e-06
4456,계약요청,0.01,0,0.0546383180502561,4.937957643719428e-06
4457,중거리배차,0.01,0,0.0546383180502561,4.937957643719428e-06
4458,2D 게임 제작,0.01,0,0.0546383180502561,4.937957643719428e-06
4459,DB보안,0.01,0,0.0546383180502561,4.937957643719428e-06
4460,인적자원 관리하기,0.01,0,0.0546383180502561,4.937957643719428e-06
4461,회계업무 보조,0.01,0,0.0546383180502561,4.937957643719428e-06
4462,기업훈련지원 분과위원회 구성,0.01,0,0.0546383180502561,4.937957643719428e-06
4463,하불 마감,0.01,0,0.0546383180502561,4.937957643719428e-06
4464,인사관련 교육,0.01,0,0.0546383180502561,4.937957643719428e-06
4465,플레이오토,0.01,0,0.0546383180502561,4.937957643719428e-06
4466,인쇄업이라는 직무가 언급되어 있습니다.,0.01,0,0.0546383180502561,4.937957643719428e-06
4467,일본어,0.01,0,0.0546383180502561,4.937957643719428e-06
4468,빅데이터 분석시스템 구성,0.01,0,0.0546383180502561,4.937957643719428e-06
4469,대내 자료 작성,0.01,0,0.0546383180502561,4.937957643719428e-06
4470,HACCP실무,0.01,0,0.0546383180502561,4.937957643719428e-06
4471,보수교육 실행,0.01,0,0.0546383180502561,4.937957643719428e-06
4472,펜션 청소,0.01,0,0.0546383180502561,4.937957643719428e-06
4473,분양업무 기본계획 작성하기,0.01,0,0.0546383180502561,4.937957643719428e-06
4474,건물관리용품,0.01,0,0.0546383180502561,4.937957643719428e-06
4475,계란 선별,0.01,0,0.0546383180502561,4.937957643719428e-06
4476,반품관리,0.01,0,0.0546383180502561,4.937957643719428e-06
4477,엑셀사용가능자,0.01,0,0.0546383180502561,4.937957643719428e-06
4478,샘플발송,0.01,0,0.0546383180502561,4.937957643719428e-06
4479,환경정비,0.01,0,0.0546383180502561,4.937957643719428e-06
4480,산업안전관리 업무,0.01,0,0.0546383180502561,4.937957643719428e-06
4481,스캐치업,0.01,0,0.0546383180502561,4.937957643719428e-06
4482,전기무제한선임 가능자,0.01,0,0.0546383180502561,4.937957643719428e-06
4483,농산식품 고객 관리하기,0.01,0,0.0546383180502561,4.937957643719428e-06
4484,문의답변,0.01,0,0.0546383180502561,4.937957643719428e-06
4485,UX 설계하기,0.01,0,0.0546383180502561,4.937957643719428e-06
4486,농산물 포장,0.01,0,0.0546383180502561,4.937957643719428e-06
4487,준공사진정리,0.01,0,0.0546383180502561,4.937957643719428e-06
4488,성능 분석 도구,0.01,0,0.0546383180502561,4.937957643719428e-06
4489,학생 입퇴실 관리,0.01,0,0.0546383180502561,4.937957643719428e-06
4490,프로젝트 진행,0.01,0,0.0546383180502561,4.937957643719428e-06
4491,승마장 프론트 고객응대 지원,0.01,0,0.0546383180502561,4.937957643719428e-06
4492,S 이메일,0.01,0,0.0546383180502561,4.937957643719428e-06
4493,건설현장 소장,0.01,0,0.0546383180502561,4.937957643719428e-06
4494,토목부문 자격증,0.01,0,0.0546383180502561,4.937957643719428e-06
4495,정보보안산업기사,0.01,0,0.0546383180502561,4.937957643719428e-06
4496,제조업체 기반 연결재무제표 작성,0.01,0,0.0546383180502561,4.937957643719428e-06
4497,프로젝트관리 소프트웨어 실무능력,0.01,0,0.0546383180502561,4.937957643719428e-06
4498,보안컨설팅,0.01,0,0.0546383180502561,4.937957643719428e-06
4499,디자인 프로그램,0.01,0,0.0546383180502561,4.937957643719428e-06
4500,자체 전산 프로그램,0.01,0,0.0546383180502561,4.937957643719428e-06
4501,거래선 신용조사하기,0.01,0,0.0546383180502561,4.937957643719428e-06
4502,품질 경험자,0.01,0,0.0546383180502561,4.937957643719428e-06
4503,특판영업,0.01,0,0.0546383180502561,4.937957643719428e-06
4504,관리소장,0.01,0,0.0546383180502561,4.937957643719428e-06
4505,원료수불장,0.01,0,0.0546383180502561,4.937957643719428e-06
4506,ISO9001 품질경영시스템 요구사항 파악하기,0.01,0,0.0546383180502561,4.937957643719428e-06
4507,공정표 작성,0.01,0,0.0546383180502561,4.937957643719428e-06
4508,협회 실적신고,0.01,0,0.0546383180502561,4.937957643719428e-06
4509,경력직 연봉협상,0.01,0,0.0546383180502561,4.937957643719428e-06
4510,자동화 프로세스 구축,0.01,0,0.0546383180502561,4.937957643719428e-06
4511,건설현장 자재관리 경력자,0.01,0,0.0546383180502561,4.937957643719428e-06
4512,신소재설비,0.01,0,0.0546383180502561,4.937957643719428e-06
4513,생산현장 시스템 SETTING,0.01,0,0.0546383180502561,4.937957643719428e-06
4514,컨셉 기획,0.01,0,0.0546383180502561,4.937957643719428e-06
4515,지게차 조작,0.01,0,0.0546383180502561,4.937957643719428e-06
4516,박스반포장,0.01,0,0.0546383180502561,4.937957643719428e-06
4517,고객정보 관리,0.01,0,0.0546383180502561,4.937957643719428e-06
4518,도면 발주 정리,0.01,0,0.0546383180502561,4.937957643719428e-06
4519,IBT TOEFL 75점,0.01,0,0.0546383180502561,4.937957643719428e-06
4520,안전시설물 설치하기,0.01,0,0.0546383180502561,4.937957643719428e-06
4521,도로사면안전,0.01,0,0.0546383180502561,4.937957643719428e-06
4522,공동주택관리,0.01,0,0.0546383180502561,4.937957643719428e-06
4523,토목산업기사,0.01,0,0.0546383180502561,4.937957643719428e-06
4524,엘리베이터 부품 자재 입출력 관리,0.01,0,0.0546383180502561,4.937957643719428e-06
4525,식품제조시설,0.01,0,0.0546383180502561,4.937957643719428e-06
4526,나라장터 입찰,0.01,0,0.0546383180502561,4.937957643719428e-06
4527,품질 표준 문서 작성,0.01,0,0.0546383180502561,4.937957643719428e-06
4528,안심귀갓길 제조,0.01,0,0.0546383180502561,4.937957643719428e-06
4529,B2B 거래처 관리,0.01,0,0.0546383180502561,4.937957643719428e-06
4530,현장 점검,0.01,0,0.0546383180502561,4.937957643719428e-06
4531,SW보안약점진단원,0.01,0,0.0546383180502561,4.937957643719428e-06
4532,인터페이스 설계서 확인하기,0.01,0,0.0546383180502561,4.937957643719428e-06
4533,지게차 운전 기능사 자격증,0.01,0,0.0546383180502561,4.937957643719428e-06
4534,평가 교육하기,0.01,0,0.0546383180502561,4.937957643719428e-06
4535,이벤트 행사장 조성하기,0.01,0,0.0546383180502561,4.937957643719428e-06
4536,해외바이어와 통화,0.01,0,0.0546383180502561,4.937957643719428e-06
4537,출입 서류 업무,0.01,0,0.0546383180502561,4.937957643719428e-06
4538,국내 시장 분석,0.01,0,0.0546383180502561,4.937957643719428e-06
4539,원산지관리사 자격 소지자,0.01,0,0.0546383180502561,4.937957643719428e-06
4540,학생 학습지도,0.01,0,0.0546383180502561,4.937957643719428e-06
4541,이벤트 실행하기,0.01,0,0.0546383180502561,4.937957643719428e-06
4542,지원금관리,0.01,0,0.0546383180502561,4.937957643719428e-06
4543,법률에 의한 관세 등의 환급 대행,0.01,0,0.0546383180502561,4.937957643719428e-06
4544,공작기계 숙련공,0.01,0,0.0546383180502561,4.937957643719428e-06
4545,상품 제안하기,0.01,0,0.0546383180502561,4.937957643719428e-06
4546,민원대응,0.01,0,0.0546383180502561,4.937957643719428e-06
4547,소방안전관리자 2급 선임,0.01,0,0.0546383180502561,4.937957643719428e-06
4548,아파트현장,0.01,0,0.0546383180502561,4.937957643719428e-06
4549,회계 관련 프로그램 활용 능력,0.01,0,0.0546383180502561,4.937957643719428e-06
4550,웹사이트 기획,0.01,0,0.0546383180502561,4.937957643719428e-06
4551,대외 협력,0.01,0,0.0546383180502561,4.937957643719428e-06
4552,압출기 오퍼레이터,0.01,0,0.0546383180502561,4.937957643719428e-06
4553,REDIS,0.01,0,0.0546383180502561,4.937957643719428e-06
4554,미팅,0.01,0,0.0546383180502561,4.937957643719428e-06
4555,밸리데이션,0.01,0,0.0546383180502561,4.937957643719428e-06
4556,전략방향 수립하기,0.01,0,0.0546383180502561,4.937957643719428e-06
4557,SQL 활용 능력,0.01,0,0.0546383180502561,4.937957643719428e-06
4558,압출시트 생산,0.01,0,0.0546383180502561,4.937957643719428e-06
4559,스토리보드 기획,0.01,0,0.0546383180502561,4.937957643719428e-06
4560,CRM 전략 수립,0.01,0,0.0546383180502561,4.937957643719428e-06
4561,화물 운반작업,0.01,0,0.0546383180502561,4.937957643719428e-06
4562,품질정보 관리,0.01,0,0.0546383180502561,4.937957643719428e-06
4563,검사 자동화 프로그램 개발,0.01,0,0.0546383180502561,4.937957643719428e-06
4564,팀 기반 보너스,0.01,0,0.0546383180502561,4.937957643719428e-06
4565,법률 상담,0.01,0,0.0546383180502561,4.937957643719428e-06
4566,관공사 경력,0.01,0,0.0546383180502561,4.937957643719428e-06
4567,사업장 경비원 관리,0.01,0,0.0546383180502561,4.937957643719428e-06
4568,고객 응대 서비스,0.01,0,0.0546383180502561,4.937957643719428e-06
4569,품질관리계획서 검토·승인하기,0.01,0,0.0546383180502561,4.937957643719428e-06
4570,기본 서류 작성,0.01,0,0.0546383180502561,4.937957643719428e-06
4571,공동도급 관리하기,0.01,0,0.0546383180502561,4.937957643719428e-06
4572,건설기술경력,0.01,0,0.0546383180502561,4.937957643719428e-06
4573,컴퓨터 관련,0.01,0,0.0546383180502561,4.937957643719428e-06
4574,제품 샘플작업 보조,0.01,0,0.0546383180502561,4.937957643719428e-06
4575,견적 요청,0.01,0,0.0546383180502561,4.937957643719428e-06
4576,마당 입고 물건 작업,0.01,0,0.0546383180502561,4.937957643719428e-06
4577,시정조치하기,0.01,0,0.0546383180502561,4.937957643719428e-06
4578,품질 부적합사항 조치하기,0.01,0,0.0546383180502561,4.937957643719428e-06
4579,클라우드 환경 설계,0.01,0,0.0546383180502561,4.937957643719428e-06
4580,W 테스트,0.01,0,0.0546383180502561,4.937957643719428e-06
4581,웹스트리밍,0.01,0,0.0546383180502561,4.937957643719428e-06
4582,해상 수출,0.01,0,0.0546383180502561,4.937957643719428e-06
4583,360도 영상 후가공,0.01,0,0.0546383180502561,4.937957643719428e-06
4584,업체위생관리,0.01,0,0.0546383180502561,4.937957643719428e-06
4585,공압,0.01,0,0.0546383180502561,4.937957643719428e-06
4586,W FIREWARE 프로그램 개발,0.01,0,0.0546383180502561,4.937957643719428e-06
4587,수입원가 계산,0.01,0,0.0546383180502561,4.937957643719428e-06
4588,선박 해운대리점 제반 업무,0.01,0,0.0546383180502561,4.937957643719428e-06
4589,가구 인테리어 관리직,0.01,0,0.0546383180502561,4.937957643719428e-06
4590,재시관리,0.01,0,0.0546383180502561,4.937957643719428e-06
4591,자가운전,0.01,0,0.0546383180502561,4.937957643719428e-06
4592,전기기사,0.01,0,0.0546383180502561,4.937957643719428e-06
4593,가스안전관리자,0.01,0,0.0546383180502561,4.937957643719428e-06
4594,강아지 돌봄,0.01,0,0.0546383180502561,4.937957643719428e-06
4595,이벤트 주제 도출하기,0.01,0,0.0546383180502561,4.937957643719428e-06
4596,소프트웨어 관련 기술자격증,0.01,0,0.0546383180502561,4.937957643719428e-06
4597,제품 계량,0.01,0,0.0546383180502561,4.937957643719428e-06
4598,ANDROID APP 개발,0.01,0,0.0546383180502561,4.937957643719428e-06
4599,어르신 관련 사회복지 행정업무관리,0.01,0,0.0546383180502561,4.937957643719428e-06
4600,틱톡,0.01,0,0.0546383180502561,4.937957643719428e-06
4601,세륜기 영업,0.01,0,0.0546383180502561,4.937957643719428e-06
4602,구매자재 업체 견적 비교,0.01,0,0.0546383180502561,4.937957643719428e-06
4603,상하수도건설 현장소장,0.01,0,0.0546383180502561,4.937957643719428e-06
4604,빌딩 경리사무원,0.01,0,0.0546383180502561,4.937957643719428e-06
4605,정부 보조사업,0.01,0,0.0546383180502561,4.937957643719428e-06
4606,업무: 주차관리,0.01,0,0.0546383180502561,4.937957643719428e-06
4607,고급기술자,0.01,0,0.0546383180502561,4.937957643719428e-06
4608,하드웨어 테스트 SW 구현,0.01,0,0.0546383180502561,4.937957643719428e-06
4609,월마감 정산자료 정리,0.01,0,0.0546383180502561,4.937957643719428e-06
4610,국내외 무역규범 파악하기,0.01,0,0.0546383180502561,4.937957643719428e-06
4611,수주접수,0.01,0,0.0546383180502561,4.937957643719428e-06
4612,회사 홈페이지 제작,0.01,0,0.0546383180502561,4.937957643719428e-06
4613,작업팀관리,0.01,0,0.0546383180502561,4.937957643719428e-06
4614,투자 유치,0.01,0,0.0546383180502561,4.937957643719428e-06
4615,방충 방서 관리하기,0.01,0,0.0546383180502561,4.937957643719428e-06
4616,창고 검수,0.01,0,0.0546383180502561,4.937957643719428e-06
4617,AZURE,0.01,0,0.0546383180502561,4.937957643719428e-06
4618,프레스 작업자 관리,0.01,0,0.0546383180502561,4.937957643719428e-06
4619,교육홍보,0.01,0,0.0546383180502561,4.937957643719428e-06
4620,입원수속,0.01,0,0.0546383180502561,4.937957643719428e-06
4621,재무관리,0.01,0,0.0546383180502561,4.937957643719428e-06
4622,능동적이며 커뮤니케이션,0.01,0,0.0546383180502561,4.937957643719428e-06
4623,더존 회계프로그램 사용,0.01,0,0.0546383180502561,4.937957643719428e-06
4624,기존 가맹점 관리,0.01,0,0.0546383180502561,4.937957643719428e-06
4625,사업청산,0.01,0,0.0546383180502561,4.937957643719428e-06
4626,플라스틱 압출 생산 경험,0.01,0,0.0546383180502561,4.937957643719428e-06
4627,습도,0.01,0,0.0546383180502561,4.937957643719428e-06
4628,건축캐드,0.01,0,0.0546383180502561,4.937957643719428e-06
4629,입⋅출고 관리하기,0.01,0,0.0546383180502561,4.937957643719428e-06
4630,온라인몰 운영,0.01,0,0.0546383180502561,4.937957643719428e-06
4631,고객전화응대,0.01,0,0.0546383180502561,4.937957643719428e-06
4632,설비 유지 관리,0.01,0,0.0546383180502561,4.937957643719428e-06
4633,현장직원 관리,0.01,0,0.0546383180502561,4.937957643719428e-06
4634,경영목표 수립하기,0.01,0,0.0546383180502561,4.937957643719428e-06
4635,운영한 경험이 있으신 분,0.01,0,0.0546383180502561,4.937957643719428e-06
4636,네트워크 관리,0.01,0,0.0546383180502561,4.937957643719428e-06
4637,수급자 고충접수 처리,0.01,0,0.0546383180502561,4.937957643719428e-06
4638,전기기사 자격증,0.01,0,0.0546383180502561,4.937957643719428e-06
4639,매장 관리,0.01,0,0.0546383180502561,4.937957643719428e-06
4640,단순생산직,0.01,0,0.0546383180502561,4.937957643719428e-06
4641,767KW 선임가능자,0.01,0,0.0546383180502561,4.937957643719428e-06
4642,영업서비스 관리,0.01,0,0.0546383180502561,4.937957643719428e-06
4643,휴대전화,0.01,0,0.0546383180502561,4.937957643719428e-06
4644,영어 메일,0.01,0,0.0546383180502561,4.937957643719428e-06
4645,정보통신 관련 장비,0.01,0,0.0546383180502561,4.937957643719428e-06
4646,수출입회계 작성하기,0.01,0,0.0546383180502561,4.937957643719428e-06
4647,제조 준비하기,0.01,0,0.0546383180502561,4.937957643719428e-06
4648,하드웨어 제작하기,0.01,0,0.0546383180502561,4.937957643719428e-06
4649,품질관리 교육계획 수립하기,0.01,0,0.0546383180502561,4.937957643719428e-06
4650,현장관리인,0.01,0,0.0546383180502561,4.937957643719428e-06
4651,오퍼레이터 경력,0.01,0,0.0546383180502561,4.937957643719428e-06
4652,구매업무 담당,0.01,0,0.0546383180502561,4.937957643719428e-06
4653,아두이노,0.01,0,0.0546383180502561,4.937957643719428e-06
4654,근태정리,0.01,0,0.0546383180502561,4.937957643719428e-06
4655,퇴직금산정,0.01,0,0.0546383180502561,4.937957643719428e-06
4656,캐드도면 작업,0.01,0,0.0546383180502561,4.937957643719428e-06
4657,세탁 직종 관련 유경험,0.01,0,0.0546383180502561,4.937957643719428e-06
4658,더존 사용 가능자,0.01,0,0.0546383180502561,4.937957643719428e-06
4659,WEB,0.01,0,0.0546383180502561,4.937957643719428e-06
4660,건물 청소,0.01,0,0.0546383180502561,4.937957643719428e-06
4661,행사기획,0.01,0,0.0546383180502561,4.937957643719428e-06
4662,캐릭터 상품 시장 분석,0.01,0,0.0546383180502561,4.937957643719428e-06
4663,후보자 서칭,0.01,0,0.0546383180502561,4.937957643719428e-06
4664,RF FILTER 설계,0.01,0,0.0546383180502561,4.937957643719428e-06
4665,사업 구조화,0.01,0,0.0546383180502561,4.937957643719428e-06
4666,OPERA PMS 사용 가능,0.01,0,0.0546383180502561,4.937957643719428e-06
4667,품목별 재고 관리,0.01,0,0.0546383180502561,4.937957643719428e-06
4668,이벤트 제안서 작성하기,0.01,0,0.0546383180502561,4.937957643719428e-06
4669,쇼핑몰운영,0.01,0,0.0546383180502561,4.937957643719428e-06
4670,공동주택,0.01,0,0.0546383180502561,4.937957643719428e-06
4671,프로젝트 유지보수,0.01,0,0.0546383180502561,4.937957643719428e-06
4672,OFFICE 365,0.01,0,0.0546383180502561,4.937957643719428e-06
4673,포장 설비 운영,0.01,0,0.0546383180502561,4.937957643719428e-06
4674,생산공정 현장 점검,0.01,0,0.0546383180502561,4.937957643719428e-06
4675,바이오,0.01,0,0.0546383180502561,4.937957643719428e-06
4676,ERP프로그램 사용하기,0.01,0,0.0546383180502561,4.937957643719428e-06
4677,기업지원,0.01,0,0.0546383180502561,4.937957643719428e-06
4678,원료육 상태,0.01,0,0.0546383180502561,4.937957643719428e-06
4679,커뮤니케이션능력,0.01,0,0.0546383180502561,4.937957643719428e-06
4680,메시지 전달,0.01,0,0.0546383180502561,4.937957643719428e-06
4681,사업계획 작성,0.01,0,0.0546383180502561,4.937957643719428e-06
4682,보안장비,0.01,0,0.0546383180502561,4.937957643719428e-06
4683,연구원으로 등록가능,0.01,0,0.0546383180502561,4.937957643719428e-06
4684,담당 채널 영업 기획,0.01,0,0.0546383180502561,4.937957643719428e-06
4685,실행력,0.01,0,0.0546383180502561,4.937957643719428e-06
4686,인테리어 판매 영업,0.01,0,0.0546383180502561,4.937957643719428e-06
4687,전자태그 스티커 부착,0.01,0,0.0546383180502561,4.937957643719428e-06
4688,사업수지,0.01,0,0.0546383180502561,4.937957643719428e-06
4689,토지권리분석,0.01,0,0.0546383180502561,4.937957643719428e-06
4690,세무조사대응,0.01,0,0.0546383180502561,4.937957643719428e-06
4691,이카운트 회계프로그램 사용,0.01,0,0.0546383180502561,4.937957643719428e-06
4692,대형 사우나,0.01,0,0.0546383180502561,4.937957643719428e-06
4693,택배작업,0.01,0,0.0546383180502561,4.937957643719428e-06
4694,자재선별,0.01,0,0.0546383180502561,4.937957643719428e-06
4695,유사 서비스 경험,0.01,0,0.0546383180502561,4.937957643719428e-06
4696,상품 입고 상,0.01,0,0.0546383180502561,4.937957643719428e-06
4697,설계 AUTOMATION 개발,0.01,0,0.0546383180502561,4.937957643719428e-06
4698,개발 경험자,0.01,0,0.0546383180502561,4.937957643719428e-06
4699,이화학검사하기,0.01,0,0.0546383180502561,4.937957643719428e-06
4700,약정 후 이행사항 점검하기,0.01,0,0.0546383180502561,4.937957643719428e-06
4701,프론트 마감,0.01,0,0.0546383180502561,4.937957643719428e-06
4702,크라샤업무,0.01,0,0.0546383180502561,4.937957643719428e-06
4703,자동화기계 설치,0.01,0,0.0546383180502561,4.937957643719428e-06
4704,전기공사산업기사,0.01,0,0.0546383180502561,4.937957643719428e-06
4705,PLC,0.01,0,0.0546383180502561,4.937957643719428e-06
4706,수출입 신고,0.01,0,0.0546383180502561,4.937957643719428e-06
4707,메카트로닉스 제어,0.01,0,0.0546383180502561,4.937957643719428e-06
4708,예약접수관리,0.01,0,0.0546383180502561,4.937957643719428e-06
4709,해당직무경험자,0.01,0,0.0546383180502561,4.937957643719428e-06
4710,내부환경 분석하기,0.01,0,0.0546383180502561,4.937957643719428e-06
4711,해외시장 조사,0.01,0,0.0546383180502561,4.937957643719428e-06
4712,해상 특송 수입 화물에 대한 전반적인 통관지원업무,0.01,0,0.0546383180502561,4.937957643719428e-06
4713,고효율단열재,0.01,0,0.0546383180502561,4.937957643719428e-06
4714,CATIA V5,0.01,0,0.0546383180502561,4.937957643719428e-06
4715,고객사 클레임 대응,0.01,0,0.0546383180502561,4.937957643719428e-06
4716,공간스캐닝 활용,0.01,0,0.0546383180502561,4.937957643719428e-06
4717,공연홍보,0.01,0,0.0546383180502561,4.937957643719428e-06
4718,산재보상 보조,0.01,0,0.0546383180502561,4.937957643719428e-06
4719,우편물 수발신하기,0.01,0,0.0546383180502561,4.937957643719428e-06
4720,시험장비 개발,0.01,0,0.0546383180502561,4.937957643719428e-06
4721,안드로이드,0.01,0,0.0546383180502561,4.937957643719428e-06
4722,기계 점검,0.01,0,0.0546383180502561,4.937957643719428e-06
4723,SW품질 컨설팅,0.01,0,0.0546383180502561,4.937957643719428e-06
4724,건설업일용 보수신고,0.01,0,0.0546383180502561,4.937957643719428e-06
4725,농산식품 관리하기,0.01,0,0.0546383180502561,4.937957643719428e-06
4726,고속도로 무정차영업소 진출입 영상 보정,0.01,0,0.0546383180502561,4.937957643719428e-06
4727,창고료,0.01,0,0.0546383180502561,4.937957643719428e-06
4728,건설안전기사,0.01,0,0.0546383180502561,4.937957643719428e-06
4729,검진 협약,0.01,0,0.0546383180502561,4.937957643719428e-06
4730,정부지원사업 선별,0.01,0,0.0546383180502561,4.937957643719428e-06
4731,컨베이어 관련 현장 기계 조립 총괄,0.01,0,0.0546383180502561,4.937957643719428e-06
4732,간호파트,0.01,0,0.0546383180502561,4.937957643719428e-06
4733,식품가공제조 생산관리자,0.01,0,0.0546383180502561,4.937957643719428e-06
4734,흙막이 부대토목 공사 견적서 작성,0.01,0,0.0546383180502561,4.937957643719428e-06
4735,항공용 전자빔 조향 위성안테나 개발 지원,0.01,0,0.0546383180502561,4.937957643719428e-06
4736,영업프로그램 운영,0.01,0,0.0546383180502561,4.937957643719428e-06
4737,투영기,0.01,0,0.0546383180502561,4.937957643719428e-06
4738,나라사업 추진,0.01,0,0.0546383180502561,4.937957643719428e-06
4739,고객민원 해결,0.01,0,0.0546383180502561,4.937957643719428e-06
4740,광고등록,0.01,0,0.0546383180502561,4.937957643719428e-06
4741,주요 재무지표 관리,0.01,0,0.0546383180502561,4.937957643719428e-06
4742,프로젝트 기획,0.01,0,0.0546383180502561,4.937957643719428e-06
4743,회계프로그램 운용하기,0.01,0,0.0546383180502561,4.937957643719428e-06
4744,국제무역사 등,0.01,0,0.0546383180502561,4.937957643719428e-06
4745,매입 거래명세서 관리,0.01,0,0.0546383180502561,4.937957643719428e-06
4746,대금청구 서류 작성,0.01,0,0.0546383180502561,4.937957643719428e-06
4747,워드 사용,0.01,0,0.0546383180502561,4.937957643719428e-06
4748,내방객 응대 준비,0.01,0,0.0546383180502561,4.937957643719428e-06
4749,캐드도면작성,0.01,0,0.0546383180502561,4.937957643719428e-06
4750,고객 픽업,0.01,0,0.0546383180502561,4.937957643719428e-06
4751,BB,0.01,0,0.0546383180502561,4.937957643719428e-06
4752,ERP 사용 가능자,0.01,0,0.0546383180502561,4.937957643719428e-06
4753,비서업무라는 직무가 언급되었습니다.,0.01,0,0.0546383180502561,4.937957643719428e-06
4754,KS인증 추진,0.01,0,0.0546383180502561,4.937957643719428e-06
4755,초급자 네트워크 사내 교육 제공,0.01,0,0.0546383180502561,4.937957643719428e-06
4756,행정 업무 처리,0.01,0,0.0546383180502561,4.937957643719428e-06
4757,출하일정 조율,0.01,0,0.0546383180502561,4.937957643719428e-06
4758,수지분석표 작성,0.01,0,0.0546383180502561,4.937957643719428e-06
4759,공무 직원,0.01,0,0.0546383180502561,4.937957643719428e-06
4760,타공종과의 간섭 파악하기,0.01,0,0.0546383180502561,4.937957643719428e-06
4761,더존 SMART-A,0.01,0,0.0546383180502561,4.937957643719428e-06
4762,사무장 경험,0.01,0,0.0546383180502561,4.937957643719428e-06
4763,리소스 최적화,0.01,0,0.0546383180502561,4.937957643719428e-06
4764,국내 반려동물 박람회 준비,0.01,0,0.0546383180502561,4.937957643719428e-06
4765,민원응대,0.01,0,0.0546383180502561,4.937957643719428e-06
4766,노인복지학,0.01,0,0.0546383180502561,4.937957643719428e-06
4767,부자재 소요량 예측,0.01,0,0.0546383180502561,4.937957643719428e-06
4768,대원 등록,0.01,0,0.0546383180502561,4.937957643719428e-06
4769,고량주 제조,0.01,0,0.0546383180502561,4.937957643719428e-06
4770,자재 요청,0.01,0,0.0546383180502561,4.937957643719428e-06
4771,실시간 대응,0.01,0,0.0546383180502561,4.937957643719428e-06
4772,프로듀싱,0.01,0,0.0546383180502561,4.937957643719428e-06
4773,회사 전반적인 업무 지원,0.01,0,0.0546383180502561,4.937957643719428e-06
4774,부동산 자료 제공,0.01,0,0.0546383180502561,4.937957643719428e-06
4775,재무성과 평가,0.01,0,0.0546383180502561,4.937957643719428e-06
4776,현장 설치,0.01,0,0.0546383180502561,4.937957643719428e-06
4777,CAD 프로그램 가능자,0.01,0,0.0546383180502561,4.937957643719428e-06
4778,일본어 능통,0.01,0,0.0546383180502561,4.937957643719428e-06
4779,예산 수립하기,0.01,0,0.0546383180502561,4.937957643719428e-06
4780,현장 업무 지원,0.01,0,0.0546383180502561,4.937957643719428e-06
4781,이용현황 관리,0.01,0,0.0546383180502561,4.937957643719428e-06
4782,복합운송주선업,0.01,0,0.0546383180502561,4.937957643719428e-06
4783,제품 조립하기,0.01,0,0.0546383180502561,4.937957643719428e-06
4784,간단한 전화 영어,0.01,0,0.0546383180502561,4.937957643719428e-06
4785,시제품 사진,0.01,0,0.0546383180502561,4.937957643719428e-06
4786,정보처리기사,0.01,0,0.0546383180502561,4.937957643719428e-06
4787,인스타그램 업로드,0.01,0,0.0546383180502561,4.937957643719428e-06
4788,일반점검,0.01,0,0.0546383180502561,4.937957643719428e-06
4789,토공,0.01,0,0.0546383180502561,4.937957643719428e-06
4790,BY SMART FIBER 6KW,0.01,0,0.0546383180502561,4.937957643719428e-06
4791,해피니스컨트리클럽 레스토랑 홀 팀장 채용중에 있습니다.,0.01,0,0.0546383180502561,4.937957643719428e-06
4792,어플리케이션,0.01,0,0.0546383180502561,4.937957643719428e-06
4793,현장품질관리,0.01,0,0.0546383180502561,4.937957643719428e-06
4794,부자재 관리,0.01,0,0.0546383180502561,4.937957643719428e-06
4795,물류서비스 성과 관리,0.01,0,0.0546383180502561,4.937957643719428e-06
4796,활용능력 상급자,0.01,0,0.0546383180502561,4.937957643719428e-06
4797,교육통합관리시스템,0.01,0,0.0546383180502561,4.937957643719428e-06
4798,자가차량 소유자,0.01,0,0.0546383180502561,4.937957643719428e-06
4799,자료발송,0.01,0,0.0546383180502561,4.937957643719428e-06
4800,프로젝트 운영,0.01,0,0.0546383180502561,4.937957643719428e-06
4801,경쟁사 분석,0.01,0,0.0546383180502561,4.937957643719428e-06
4802,경조사 관련 업무,0.01,0,0.0546383180502561,4.937957643719428e-06
4803,기획기사 작성,0.01,0,0.0546383180502561,4.937957643719428e-06
4804,포장재료 선택하기,0.01,0,0.0546383180502561,4.937957643719428e-06
4805,홍진 사용,0.01,0,0.0546383180502561,4.937957643719428e-06
4806,후행대응,0.01,0,0.0546383180502561,4.937957643719428e-06
4807,표면처리제품판매,0.01,0,0.0546383180502561,4.937957643719428e-06
4808,캐디배치,0.01,0,0.0546383180502561,4.937957643719428e-06
4809,어플리케이션 구현,0.01,0,0.0546383180502561,4.937957643719428e-06
4810,소프트웨어구조 설계하기,0.01,0,0.0546383180502561,4.937957643719428e-06
4811,포토샵 자격증,0.01,0,0.0546383180502561,4.937957643719428e-06
4812,DB 관련 성능 시험,0.01,0,0.0546383180502561,4.937957643719428e-06
4813,포장재 관리,0.01,0,0.0546383180502561,4.937957643719428e-06
4814,건설기술인수첩,0.01,0,0.0546383180502561,4.937957643719428e-06
4815,생산 스케쥴 작성,0.01,0,0.0546383180502561,4.937957643719428e-06
4816,구매처 관리,0.01,0,0.0546383180502561,4.937957643719428e-06
4817,소방안전관리보조선임,0.01,0,0.0546383180502561,4.937957643719428e-06
4818,1톤 트럭 운전,0.01,0,0.0546383180502561,4.937957643719428e-06
4819,아파트 관리,0.01,0,0.0546383180502561,4.937957643719428e-06
4820,헤드헌팅,0.01,0,0.0546383180502561,4.937957643719428e-06
4821,일반 소모품,0.01,0,0.0546383180502561,4.937957643719428e-06
4822,전동차 방송,0.01,0,0.0546383180502561,4.937957643719428e-06
4823,온실공사,0.01,0,0.0546383180502561,4.937957643719428e-06
4824,국내 박람회,0.01,0,0.0546383180502561,4.937957643719428e-06
4825,건설사 경영관리,0.01,0,0.0546383180502561,4.937957643719428e-06
4826,도면견적,0.01,0,0.0546383180502561,4.937957643719428e-06
4827,주유소 총괄책임자,0.01,0,0.0546383180502561,4.937957643719428e-06
4828,내역업무,0.01,0,0.0546383180502561,4.937957643719428e-06
4829,콜센터 관리자 경력,0.01,0,0.0546383180502561,4.937957643719428e-06
4830,생산인력 배치,0.01,0,0.0546383180502561,4.937957643719428e-06
4831,부동산 관리,0.01,0,0.0546383180502561,4.937957643719428e-06
4832,지급대장 관리,0.01,0,0.0546383180502561,4.937957643719428e-06
4833,관련업체관리,0.01,0,0.0546383180502561,4.937957643719428e-06
4834,운영 유경험자,0.01,0,0.0546383180502561,4.937957643719428e-06
4835,CCTV 관제,0.01,0,0.0546383180502561,4.937957643719428e-06
4836,산재사건처리,0.01,0,0.0546383180502561,4.937957643719428e-06
4837,하이브리드 앱 내 웹뷰와 웹간 CO-WORK,0.01,0,0.0546383180502561,4.937957643719428e-06
4838,일반 행정 업무,0.01,0,0.0546383180502561,4.937957643719428e-06
4839,분양상품의 사업성 분석하기,0.01,0,0.0546383180502561,4.937957643719428e-06
4840,상거래 문서 작성,0.01,0,0.0546383180502561,4.937957643719428e-06
4841,캐드 프로그램 사용,0.01,0,0.0546383180502561,4.937957643719428e-06
4842,기술지원,0.01,0,0.0546383180502561,4.937957643719428e-06
4843,트레일러,0.01,0,0.0546383180502561,4.937957643719428e-06
4844,풍력발전,0.01,0,0.0546383180502561,4.937957643719428e-06
4845,고객관계 유지,0.01,0,0.0546383180502561,4.937957643719428e-06
4846,B2B운영,0.01,0,0.0546383180502561,4.937957643719428e-06
4847,회계총괄,0.01,0,0.0546383180502561,4.937957643719428e-06
4848,부자재 입출고관리,0.01,0,0.0546383180502561,4.937957643719428e-06
4849,지그,0.01,0,0.0546383180502561,4.937957643719428e-06
4850,AS전화접수,0.01,0,0.0546383180502561,4.937957643719428e-06
4851,영업채널 관리,0.01,0,0.0546383180502561,4.937957643719428e-06
4852,카피라이팅,0.01,0,0.0546383180502561,4.937957643719428e-06
4853,생산계획 수립하기,0.01,0,0.0546383180502561,4.937957643719428e-06
4854,단시간 업무,0.01,0,0.0546383180502561,4.937957643719428e-06
4855,농자재,0.01,0,0.0546383180502561,4.937957643719428e-06
4856,실행계획,0.01,0,0.0546383180502561,4.937957643719428e-06
4857,서류취합,0.01,0,0.0546383180502561,4.937957643719428e-06
4858,제조사,0.01,0,0.0546383180502561,4.937957643719428e-06
4859,원양어업 일반관리,0.01,0,0.0546383180502561,4.937957643719428e-06
4860,기계기술 유지관리,0.01,0,0.0546383180502561,4.937957643719428e-06
4861,컨퍼런스,0.01,0,0.0546383180502561,4.937957643719428e-06
4862,가스산업기사,0.01,0,0.0546383180502561,4.937957643719428e-06
4863,사업계획 수립하기,0.01,0,0.0546383180502561,4.937957643719428e-06
4864,웹사이트,0.01,0,0.0546383180502561,4.937957643719428e-06
4865,호기별 LOT 기입,0.01,0,0.0546383180502561,4.937957643719428e-06
4866,일반 자문사관리,0.01,0,0.0546383180502561,4.937957643719428e-06
4867,추천서 발급,0.01,0,0.0546383180502561,4.937957643719428e-06
4868,메뉴개발관리,0.01,0,0.0546383180502561,4.937957643719428e-06
4869,NETC#,0.01,0,0.0546383180502561,4.937957643719428e-06
4870,행정 보조,0.01,0,0.0546383180502561,4.937957643719428e-06
4871,기계유지 보수,0.01,0,0.0546383180502561,4.937957643719428e-06
4872,매입 자료 총괄 관리,0.01,0,0.0546383180502561,4.937957643719428e-06
4873,구동시스템 설계,0.01,0,0.0546383180502561,4.937957643719428e-06
4874,무역컨설팅,0.01,0,0.0546383180502561,4.937957643719428e-06
4875,사업성 검토,0.01,0,0.0546383180502561,4.937957643719428e-06
4876,기성관리,0.01,0,0.0546383180502561,4.937957643719428e-06
4877,간호분야,0.01,0,0.0546383180502561,4.937957643719428e-06
4878,빅데이터 서비스 성능 관리하기,0.01,0,0.0546383180502561,4.937957643719428e-06
4879,JAVA,0.01,0,0.0546383180502561,4.937957643719428e-06
4880,정부지원사업 관련 연구비관리 경험,0.01,0,0.0546383180502561,4.937957643719428e-06
4881,시설 유지,0.01,0,0.0546383180502561,4.937957643719428e-06
4882,설치 가능,0.01,0,0.0546383180502561,4.937957643719428e-06
4883,카피라이터 기획,0.01,0,0.0546383180502561,4.937957643719428e-06
4884,건설현장 4대보험 신고,0.01,0,0.0546383180502561,4.937957643719428e-06
4885,손익관리,0.01,0,0.0546383180502561,4.937957643719428e-06
4886,방문객 응대,0.01,0,0.0546383180502561,4.937957643719428e-06
4887,식자재 물류 피킹,0.01,0,0.0546383180502561,4.937957643719428e-06
4888,티켓발권,0.01,0,0.0546383180502561,4.937957643719428e-06
4889,고무제품 생산 관리,0.01,0,0.0546383180502561,4.937957643719428e-06
4890,고객사 이동,0.01,0,0.0546383180502561,4.937957643719428e-06
4891,여성폭력방지업무 경력,0.01,0,0.0546383180502561,4.937957643719428e-06
4892,전반적인 시스템 구성,0.01,0,0.0546383180502561,4.937957643719428e-06
4893,설계관리,0.01,0,0.0546383180502561,4.937957643719428e-06
4894,라이브 커머스 기획,0.01,0,0.0546383180502561,4.937957643719428e-06
4895,수주활동,0.01,0,0.0546383180502561,4.937957643719428e-06
4896,이벤트 연출안 구성하기,0.01,0,0.0546383180502561,4.937957643719428e-06
4897,평생교육,0.01,0,0.0546383180502561,4.937957643719428e-06
4898,창고 오더접수,0.01,0,0.0546383180502561,4.937957643719428e-06
4899,상품등록 경험자,0.01,0,0.0546383180502561,4.937957643719428e-06
4900,협회 업무 실무,0.01,0,0.0546383180502561,4.937957643719428e-06
4901,결과보고하기,0.01,0,0.0546383180502561,4.937957643719428e-06
4902,영업판매관리,0.01,0,0.0546383180502561,4.937957643719428e-06
4903,사례조사 연구,0.01,0,0.0546383180502561,4.937957643719428e-06
4904,감리 대응,0.01,0,0.0546383180502561,4.937957643719428e-06
4905,출력 된 운송장을 상품에 부착,0.01,0,0.0546383180502561,4.937957643719428e-06
4906,예식상담,0.01,0,0.0546383180502561,4.937957643719428e-06
4907,개선 결과 보고,0.01,0,0.0546383180502561,4.937957643719428e-06
4908,고춧가루 생산,0.01,0,0.0546383180502561,4.937957643719428e-06
4909,유압프레스 설치,0.01,0,0.0546383180502561,4.937957643719428e-06
4910,마케팅전략 수립,0.01,0,0.0546383180502561,4.937957643719428e-06
4911,무역서류 작성,0.01,0,0.0546383180502561,4.937957643719428e-06
4912,RF CARD READER,0.01,0,0.0546383180502561,4.937957643719428e-06
4913,강연,0.01,0,0.0546383180502561,4.937957643719428e-06
4914,원격 모니터링 기능 개발,0.01,0,0.0546383180502561,4.937957643719428e-06
4915,ERP 관련 업무,0.01,0,0.0546383180502561,4.937957643719428e-06
4916,COMMERCIAL PLANNING,0.01,0,0.0546383180502561,4.937957643719428e-06
4917,제품공정,0.01,0,0.0546383180502561,4.937957643719428e-06
4918,교육 과정 개발,0.01,0,0.0546383180502561,4.937957643719428e-06
4919,요구사항 도출하기,0.01,0,0.0546383180502561,4.937957643719428e-06
4920,중국발주 관리,0.01,0,0.0546383180502561,4.937957643719428e-06
4921,공정 파악,0.01,0,0.0546383180502561,4.937957643719428e-06
4922,회선 관리,0.01,0,0.0546383180502561,4.937957643719428e-06
4923,일반기계기사,0.01,0,0.0546383180502561,4.937957643719428e-06
4924,말소,0.01,0,0.0546383180502561,4.937957643719428e-06
4925,기물관리,0.01,0,0.0546383180502561,4.937957643719428e-06
4926,조직화,0.01,0,0.0546383180502561,4.937957643719428e-06
4927,분실물처리,0.01,0,0.0546383180502561,4.937957643719428e-06
4928,원부자재 관리,0.01,0,0.0546383180502561,4.937957643719428e-06
4929,견사청소,0.01,0,0.0546383180502561,4.937957643719428e-06
4930,건축관련학과 졸업자,0.01,0,0.0546383180502561,4.937957643719428e-06
4931,노사협의회 주관,0.01,0,0.0546383180502561,4.937957643719428e-06
4932,위생교육 관리,0.01,0,0.0546383180502561,4.937957643719428e-06
4933,선각 의장,0.01,0,0.0546383180502561,4.937957643719428e-06
4934,마케팅 기획,0.01,0,0.0546383180502561,4.937957643719428e-06
4935,견적서 보내기,0.01,0,0.0546383180502561,4.937957643719428e-06
4936,건설업 안전관리자,0.01,0,0.0546383180502561,4.937957643719428e-06
4937,차량운전,0.01,0,0.0546383180502561,4.937957643719428e-06
4938,경정비,0.01,0,0.0546383180502561,4.937957643719428e-06
4939,공공기관 지원사업,0.01,0,0.0546383180502561,4.937957643719428e-06
4940,PPT 사용가능자,0.01,0,0.0546383180502561,4.937957643719428e-06
4941,지게차운전기능사 자격증소유자,0.01,0,0.0546383180502561,4.937957643719428e-06
4942,모바일 앱,0.01,0,0.0546383180502561,4.937957643719428e-06
4943,정보 제공하기,0.01,0,0.0546383180502561,4.937957643719428e-06
4944,설비보전기사,0.01,0,0.0546383180502561,4.937957643719428e-06
4945,광고 영업,0.01,0,0.0546383180502561,4.937957643719428e-06
4946,입고 자재 관리,0.01,0,0.0546383180502561,4.937957643719428e-06
4947,교수설계,0.01,0,0.0546383180502561,4.937957643719428e-06
4948,자체 ERP 관리,0.01,0,0.0546383180502561,4.937957643719428e-06
4949,안전시설 관리,0.01,0,0.0546383180502561,4.937957643719428e-06
4950,세척업무,0.01,0,0.0546383180502561,4.937957643719428e-06
4951,PRODUCER,0.01,0,0.0546383180502561,4.937957643719428e-06
4952,가상화,0.01,0,0.0546383180502561,4.937957643719428e-06
4953,ISO 90001,0.01,0,0.0546383180502561,4.937957643719428e-06
4954,불량 개선,0.01,0,0.0546383180502561,4.937957643719428e-06
4955,제2외국어 가능하신 분,0.01,0,0.0546383180502561,4.937957643719428e-06
4956,분양,0.01,0,0.0546383180502561,4.937957643719428e-06
4957,NHN,0.01,0,0.0546383180502561,4.937957643719428e-06
4958,구글광고,0.01,0,0.0546383180502561,4.937957643719428e-06
4959,사후관리 대책 수립,0.01,0,0.0546383180502561,4.937957643719428e-06
4960,물류영업 기획,0.01,0,0.0546383180502561,4.937957643719428e-06
4961,ISO 9001 유경험자,0.01,0,0.0546383180502561,4.937957643719428e-06
4962,품질인증,0.01,0,0.0546383180502561,4.937957643719428e-06
4963,손익 관리하기,0.01,0,0.0546383180502561,4.937957643719428e-06
4964,PC활용,0.01,0,0.0546383180502561,4.937957643719428e-06
4965,재산세 신고,0.01,0,0.0546383180502561,4.937957643719428e-06
4966,전기 산업기사,0.01,0,0.0546383180502561,4.937957643719428e-06
4967,품의서 작성,0.01,0,0.0546383180502561,4.937957643719428e-06
4968,산재보상업무,0.01,0,0.0546383180502561,4.937957643719428e-06
4969,IOS 앱 개발 경험,0.01,0,0.0546383180502561,4.937957643719428e-06
4970,4대보험 대행,0.01,0,0.0546383180502561,4.937957643719428e-06
4971,승마용품,0.01,0,0.0546383180502561,4.937957643719428e-06
4972,장애인활동지원,0.01,0,0.0546383180502561,4.937957643719428e-06
4973,제어 알고리즘 설계하기,0.01,0,0.0546383180502561,4.937957643719428e-06
4974,자재운송,0.01,0,0.0546383180502561,4.937957643719428e-06
4975,각 기획전,0.01,0,0.0546383180502561,4.937957643719428e-06
4976,긍정적인 마인드 보유자,0.01,0,0.0546383180502561,4.937957643719428e-06
4977,이벤트 사후 관리하기,0.01,0,0.0546383180502561,4.937957643719428e-06
4978,공종별 배치도 작성,0.01,0,0.0546383180502561,4.937957643719428e-06
4979,제작 자재 수급계획 수립 준비,0.01,0,0.0546383180502561,4.937957643719428e-06
4980,물동량관리,0.01,0,0.0546383180502561,4.937957643719428e-06
4981,관련 문서 작성,0.01,0,0.0546383180502561,4.937957643719428e-06
4982,토목건설현장 관리,0.01,0,0.0546383180502561,4.937957643719428e-06
4983,INVENTORY CONTROL,0.01,0,0.0546383180502561,4.937957643719428e-06
4984,엑셀프로그램 사용,0.01,0,0.0546383180502561,4.937957643719428e-06
4985,준공정산,0.01,0,0.0546383180502561,4.937957643719428e-06
4986,해외공장에서의 의류제작과 관련한 업무 지원,0.01,0,0.0546383180502561,4.937957643719428e-06
4987,MS OFFICE 사용,0.01,0,0.0546383180502561,4.937957643719428e-06
4988,수출조건 협상하기,0.01,0,0.0546383180502561,4.937957643719428e-06
4989,원 · 부자재 환경조사 하기,0.01,0,0.0546383180502561,4.937957643719428e-06
4990,공구 사용의 이해,0.01,0,0.0546383180502561,4.937957643719428e-06
4991,클린룸 전문회사 실무경험,0.01,0,0.0546383180502561,4.937957643719428e-06
4992,기획안작성,0.01,0,0.0546383180502561,4.937957643719428e-06
4993,대인업무 유경험자,0.01,0,0.0546383180502561,4.937957643719428e-06
4994,수검지원,0.01,0,0.0546383180502561,4.937957643719428e-06
4995,밸브 부속품 구매 관리,0.01,0,0.0546383180502561,4.937957643719428e-06
4996,가격전략 수립,0.01,0,0.0546383180502561,4.937957643719428e-06
4997,생산 진척도 관리,0.01,0,0.0546383180502561,4.937957643719428e-06
4998,테스트 자동화에 대한 기본 지식,0.01,0,0.0546383180502561,4.937957643719428e-06
4999,상품 확인,0.01,0,0.0546383180502561,4.937957643719428e-06
5000,AIR DRYER,0.01,0,0.0546383180502561,4.937957643719428e-06
5001,현장투입관리,0.01,0,0.0546383180502561,4.937957643719428e-06
5002,검사결과 조치하기,0.01,0,0.0546383180502561,4.937957643719428e-06
5003,통신관련 고객 상담,0.01,0,0.0546383180502561,4.937957643719428e-06
5004,마당 입고 차량 물건 상하차,0.01,0,0.0546383180502561,4.937957643719428e-06
5005,디버깅기술,0.01,0,0.0546383180502561,4.937957643719428e-06
5006,LCL 수입,0.01,0,0.0546383180502561,4.937957643719428e-06
5007,MCT 가공 경험자,0.01,0,0.0546383180502561,4.937957643719428e-06
5008,사방넷,0.01,0,0.0546383180502561,4.937957643719428e-06
5009,원격 업무,0.01,0,0.0546383180502561,4.937957643719428e-06
5010,세무회계감정,0.01,0,0.0546383180502561,4.937957643719428e-06
5011,계약상품 관리,0.01,0,0.0546383180502561,4.937957643719428e-06
5012,HACCP 유지,0.01,0,0.0546383180502561,4.937957643719428e-06
5013,방문 응대하기,0.01,0,0.0546383180502561,4.937957643719428e-06
5014,OEM거래처의 상호작용,0.01,0,0.0546383180502561,4.937957643719428e-06
5015,마이크로미터,0.01,0,0.0546383180502561,4.937957643719428e-06
5016,HMP 상품 R,0.01,0,0.0546383180502561,4.937957643719428e-06
5017,대기환경산업기사,0.01,0,0.0546383180502561,4.937957643719428e-06
5018,수입 자재 통관 서류 정리,0.01,0,0.0546383180502561,4.937957643719428e-06
5019,관련업체협업,0.01,0,0.0546383180502561,4.937957643719428e-06
5020,전기 설비기사,0.01,0,0.0546383180502561,4.937957643719428e-06
5021,시스템 유지보수 수행,0.01,0,0.0546383180502561,4.937957643719428e-06
5022,품목제조신고,0.01,0,0.0546383180502561,4.937957643719428e-06
5023,수출컨테이너관리,0.01,0,0.0546383180502561,4.937957643719428e-06
5024,MOTOR CONTROL,0.01,0,0.0546383180502561,4.937957643719428e-06
5025,영업자료 산출,0.01,0,0.0546383180502561,4.937957643719428e-06
5026,원천 프로그램,0.01,0,0.0546383180502561,4.937957643719428e-06
5027,SNS 홍보,0.01,0,0.0546383180502561,4.937957643719428e-06
5028,창호시공,0.01,0,0.0546383180502561,4.937957643719428e-06
5029,현장 제품 재고파악,0.01,0,0.0546383180502561,4.937957643719428e-06
5030,토목관련학과,0.01,0,0.0546383180502561,4.937957643719428e-06
5031,가교방법,0.01,0,0.0546383180502561,4.937957643719428e-06
5032,상품 특성 분석,0.01,0,0.0546383180502561,4.937957643719428e-06
5033,흑마늘 제조,0.01,0,0.0546383180502561,4.937957643719428e-06
5034,PM 관리자,0.01,0,0.0546383180502561,4.937957643719428e-06
5035,기획력,0.01,0,0.0546383180502561,4.937957643719428e-06
5036,화물 보관 출고,0.01,0,0.0546383180502561,4.937957643719428e-06
5037,반도체 SITE 현장관리,0.01,1,0.0477068462446566,4.311523386478866e-06
5038,실내외 청소,0.01,1,0.0477068462446566,4.311523386478866e-06
5039,원부자재 단가 관리,0.01,1,0.0477068462446566,4.311523386478866e-06
5040,보조컨설턴트로 수행,0.01,1,0.0477068462446566,4.311523386478866e-06
5041,관수시설 시공,0.01,1,0.0477068462446566,4.311523386478866e-06
5042,단체 고객 상담,0.01,1,0.0477068462446566,4.311523386478866e-06
5043,제조업 공장관리 겸험자,0.01,1,0.0477068462446566,4.311523386478866e-06
5044,반품검수,0.01,1,0.0477068462446566,4.311523386478866e-06
5045,특급 룸메이드 경력,0.01,1,0.0477068462446566,4.311523386478866e-06
5046,자녀 양육 지원,0.01,1,0.0477068462446566,4.311523386478866e-06
5047,OPIC IH 이상,0.01,1,0.0477068462446566,4.311523386478866e-06
5048,의료 솔루션 컨설팅,0.01,1,0.0477068462446566,4.311523386478866e-06
5049,고주파용 콘넥터 제조,0.01,1,0.0477068462446566,4.311523386478866e-06
5050,기계 · 기구설계,0.01,1,0.0477068462446566,4.311523386478866e-06
5051,더존 회계프로그램 스마트 A 사용,0.01,1,0.0477068462446566,4.311523386478866e-06
5052,설비 스페어 파트 관리,0.01,1,0.0477068462446566,4.311523386478866e-06
5053,플랜트 PIPE제작,0.01,1,0.0477068462446566,4.311523386478866e-06
5054,교육참여자 각종 서류 확인,0.01,1,0.0477068462446566,4.311523386478866e-06
5055,PROFIT PROTECTION,0.01,1,0.0477068462446566,4.311523386478866e-06
5056,온라인 판매처 상품 기획,0.01,1,0.0477068462446566,4.311523386478866e-06
5057,회계학 전공,0.01,1,0.0477068462446566,4.311523386478866e-06
5058,유상수리 자재요청,0.01,1,0.0477068462446566,4.311523386478866e-06
5059,패키지 전개도면 틀 제작,0.01,1,0.0477068462446566,4.311523386478866e-06
5060,생산 전반적인 현장 관리,0.01,1,0.0477068462446566,4.311523386478866e-06
5061,견적서 제작,0.01,1,0.0477068462446566,4.311523386478866e-06
5062,사내 인프라 운영관리,0.01,1,0.0477068462446566,4.311523386478866e-06
5063,반응형 프론트엔드 개발,0.01,1,0.0477068462446566,4.311523386478866e-06
5064,식품업계 생산관련,0.01,1,0.0477068462446566,4.311523386478866e-06
5065,조립현장의 작업지도,0.01,1,0.0477068462446566,4.311523386478866e-06
5066,ERP 프로그램 사용자,0.01,1,0.0477068462446566,4.311523386478866e-06
5067,수하물 분류,0.01,1,0.0477068462446566,4.311523386478866e-06
5068,학원 운영,0.01,1,0.0477068462446566,4.311523386478866e-06
5069,영문 메일 작성,0.01,1,0.0477068462446566,4.311523386478866e-06
5070,업체별 매입 매출 관리,0.01,1,0.0477068462446566,4.311523386478866e-06
5071,렌트카 예약,0.01,1,0.0477068462446566,4.311523386478866e-06
5072,한의학과,0.01,1,0.0477068462446566,4.311523386478866e-06
5073,각종 센서 소싱,0.01,1,0.0477068462446566,4.311523386478866e-06
5074,전기 기계 건설 관련 자격 면허,0.01,1,0.0477068462446566,4.311523386478866e-06
5075,E커머스 MD 경력,0.01,1,0.0477068462446566,4.311523386478866e-06
5076,전기 CAD,0.01,1,0.0477068462446566,4.311523386478866e-06
5077,하드웨어 설계하기,0.01,1,0.0477068462446566,4.311523386478866e-06
5078,창고 자재 정리,0.01,1,0.0477068462446566,4.311523386478866e-06
5079,계약서 서류작성,0.01,1,0.0477068462446566,4.311523386478866e-06
5080,공장청소,0.01,1,0.0477068462446566,4.311523386478866e-06
5081,손해사정법인 현장조사자,0.01,1,0.0477068462446566,4.311523386478866e-06
5082,식재관리,0.01,1,0.0477068462446566,4.311523386478866e-06
5083,원전세신고,0.01,1,0.0477068462446566,4.311523386478866e-06
5084,SW 개발 기획 역량,0.01,1,0.0477068462446566,4.311523386478866e-06
5085,인력계획 수립하기,0.01,1,0.0477068462446566,4.311523386478866e-06
5086,회계보조업무,0.01,1,0.0477068462446566,4.311523386478866e-06
5087,신고조정업무,0.01,1,0.0477068462446566,4.311523386478866e-06
5088,국내상품 소싱,0.01,1,0.0477068462446566,4.311523386478866e-06
5089,문화 유관 정부사업 연구,0.01,1,0.0477068462446566,4.311523386478866e-06
5090,산재보상영업,0.01,1,0.0477068462446566,4.311523386478866e-06
5091,안전성 검사하기,0.01,1,0.0477068462446566,4.311523386478866e-06
5092,ISO9001시스템을 이행해 본 경력,0.01,1,0.0477068462446566,4.311523386478866e-06
5093,소모성 제품 판매 관리,0.01,1,0.0477068462446566,4.311523386478866e-06
5094,온라인쇼핑몰 운영,0.01,1,0.0477068462446566,4.311523386478866e-06
5095,공연 마케팅,0.01,1,0.0477068462446566,4.311523386478866e-06
5096,환경가전,0.01,1,0.0477068462446566,4.311523386478866e-06
5097,메타버스 기능 개발,0.01,1,0.0477068462446566,4.311523386478866e-06
5098,노무이슈 대응,0.01,1,0.0477068462446566,4.311523386478866e-06
5099,도매점 거래처 납품 관리,0.01,1,0.0477068462446566,4.311523386478866e-06
5100,콘크리트 2차제품 생산,0.01,1,0.0477068462446566,4.311523386478866e-06
5101,압력용기 설계,0.01,1,0.0477068462446566,4.311523386478866e-06
5102,통관업무 경험자,0.01,1,0.0477068462446566,4.311523386478866e-06
5103,PC생산,0.01,1,0.0477068462446566,4.311523386478866e-06
5104,PPT 제작,0.01,1,0.0477068462446566,4.311523386478866e-06
5105,예식계약,0.01,1,0.0477068462446566,4.311523386478866e-06
5106,BM 소통,0.01,1,0.0477068462446566,4.311523386478866e-06
5107,세척장비,0.01,1,0.0477068462446566,4.311523386478866e-06
5108,WEB 웹,0.01,1,0.0477068462446566,4.311523386478866e-06
5109,홀서빙,0.01,1,0.0477068462446566,4.311523386478866e-06
5110,웨딩예약실 실장,0.01,1,0.0477068462446566,4.311523386478866e-06
5111,백엔드 기술,0.01,1,0.0477068462446566,4.311523386478866e-06
5112,매출 관련 데이터 관리,0.01,1,0.0477068462446566,4.311523386478866e-06
5113,차량지정배차,0.01,1,0.0477068462446566,4.311523386478866e-06
5114,영업 목표관리,0.01,1,0.0477068462446566,4.311523386478866e-06
5115,당면 제조,0.01,1,0.0477068462446566,4.311523386478866e-06
5116,콘크리트 제품의 성능 평가,0.01,1,0.0477068462446566,4.311523386478866e-06
5117,구매 거래선 개발,0.01,1,0.0477068462446566,4.311523386478866e-06
5118,교직원 4대보험업무,0.01,1,0.0477068462446566,4.311523386478866e-06
5119,매출처 발주상담,0.01,1,0.0477068462446566,4.311523386478866e-06
5120,자동차 부품 도장 경력자,0.01,1,0.0477068462446566,4.311523386478866e-06
5121,입 대행 포워딩,0.01,1,0.0477068462446566,4.311523386478866e-06
5122,IT 지식,0.01,1,0.0477068462446566,4.311523386478866e-06
5123,연구시설 지원,0.01,1,0.0477068462446566,4.311523386478866e-06
5124,디지털 화,0.01,1,0.0477068462446566,4.311523386478866e-06
5125,입주사 민원 관리,0.01,1,0.0477068462446566,4.311523386478866e-06
5126,공장 생산 일정 관리,0.01,1,0.0477068462446566,4.311523386478866e-06
5127,식품 카테고리 이커머스 경력,0.01,1,0.0477068462446566,4.311523386478866e-06
5128,고객 민원 관리,0.01,1,0.0477068462446566,4.311523386478866e-06
5129,부동산 관련 법무,0.01,1,0.0477068462446566,4.311523386478866e-06
5130,생산지시발주 등록,0.01,1,0.0477068462446566,4.311523386478866e-06
5131,건물 관리 업무 전반,0.01,1,0.0477068462446566,4.311523386478866e-06
5132,유지보수 배포지원,0.01,1,0.0477068462446566,4.311523386478866e-06
5133,컨테이너 트레일러 배차업무,0.01,1,0.0477068462446566,4.311523386478866e-06
5134,P설치 후 생산 시 현장관리,0.01,1,0.0477068462446566,4.311523386478866e-06
5135,오픈 톡,0.01,1,0.0477068462446566,4.311523386478866e-06
5136,학술용역,0.01,1,0.0477068462446566,4.311523386478866e-06
5137,구내통신공사,0.01,1,0.0477068462446566,4.311523386478866e-06
5138,진정서 작성,0.01,1,0.0477068462446566,4.311523386478866e-06
5139,한국어 중급 이상자,0.01,1,0.0477068462446566,4.311523386478866e-06
5140,법인 교육 컨설팅,0.01,1,0.0477068462446566,4.311523386478866e-06
5141,생산부직원관리,0.01,1,0.0477068462446566,4.311523386478866e-06
5142,사용자 요구분석,0.01,1,0.0477068462446566,4.311523386478866e-06
5143,생산제품 정리정돈,0.01,1,0.0477068462446566,4.311523386478866e-06
5144,고객영업관리,0.01,1,0.0477068462446566,4.311523386478866e-06
5145,자동차 폐차,0.01,1,0.0477068462446566,4.311523386478866e-06
5146,컴퓨터 관리,0.01,1,0.0477068462446566,4.311523386478866e-06
5147,원유 운영계획 수립,0.01,1,0.0477068462446566,4.311523386478866e-06
5148,생산설비 운영,0.01,1,0.0477068462446566,4.311523386478866e-06
5149,고객 전화 주문 접수,0.01,1,0.0477068462446566,4.311523386478866e-06
5150,외식업 중앙회 일반행정,0.01,1,0.0477068462446566,4.311523386478866e-06
5151,사회복지파트,0.01,1,0.0477068462446566,4.311523386478866e-06
5152,제주사무소,0.01,1,0.0477068462446566,4.311523386478866e-06
5153,배송문의 응대,0.01,1,0.0477068462446566,4.311523386478866e-06
5154,도로안전관리,0.01,1,0.0477068462446566,4.311523386478866e-06
5155,인사평가 시행하기,0.01,1,0.0477068462446566,4.311523386478866e-06
5156,FTA원산지확인서 작성,0.01,1,0.0477068462446566,4.311523386478866e-06
5157,건설업 일반 경리,0.01,1,0.0477068462446566,4.311523386478866e-06
5158,자체결산 유경험,0.01,1,0.0477068462446566,4.311523386478866e-06
5159,세륜기 수리,0.01,1,0.0477068462446566,4.311523386478866e-06
5160,장례지도사 자격증,0.01,1,0.0477068462446566,4.311523386478866e-06
5161,팀원 근태,0.01,1,0.0477068462446566,4.311523386478866e-06
5162,홈페이지 관리보조,0.01,1,0.0477068462446566,4.311523386478866e-06
5163,감염관리,0.01,1,0.0477068462446566,4.311523386478866e-06
5164,실적 마감 보고,0.01,1,0.0477068462446566,4.311523386478866e-06
5165,창호 시공상세도 작성,0.01,1,0.0477068462446566,4.311523386478866e-06
5166,학사 보조,0.01,1,0.0477068462446566,4.311523386478866e-06
5167,아웃소싱 영업,0.01,1,0.0477068462446566,4.311523386478866e-06
5168,생산 기획관리,0.01,1,0.0477068462446566,4.311523386478866e-06
5169,G 사용,0.01,1,0.0477068462446566,4.311523386478866e-06
5170,항로표지,0.01,1,0.0477068462446566,4.311523386478866e-06
5171,일일 생산 실적관리,0.01,1,0.0477068462446566,4.311523386478866e-06
5172,일반 운송,0.01,1,0.0477068462446566,4.311523386478866e-06
5173,엑세스 SQL,0.01,1,0.0477068462446566,4.311523386478866e-06
5174,자동차관리용품 판매영업,0.01,1,0.0477068462446566,4.311523386478866e-06
5175,선각 생산관리 업무,0.01,1,0.0477068462446566,4.311523386478866e-06
5176,장치 통합 테스트하기,0.01,1,0.0477068462446566,4.311523386478866e-06
5177,과정평가형 국가기술 자격 취득자,0.01,1,0.0477068462446566,4.311523386478866e-06
5178,미수 채권 회수,0.01,1,0.0477068462446566,4.311523386478866e-06
5179,평가 모니터링 프로그램 제작,0.01,1,0.0477068462446566,4.311523386478866e-06
5180,등록카드 작성하기,0.01,1,0.0477068462446566,4.311523386478866e-06
5181,개인결산조정,0.01,1,0.0477068462446566,4.311523386478866e-06
5182,건설기술인협회 경력증,0.01,1,0.0477068462446566,4.311523386478866e-06
5183,축산물제품 검수,0.01,1,0.0477068462446566,4.311523386478866e-06
5184,품질의 상태,0.01,1,0.0477068462446566,4.311523386478866e-06
5185,기계설비 책임,0.01,1,0.0477068462446566,4.311523386478866e-06
5186,복합운송절차 관리하기,0.01,1,0.0477068462446566,4.311523386478866e-06
5187,스마트워치 HW,0.01,1,0.0477068462446566,4.311523386478866e-06
5188,화물자동차 매매서류 작성,0.01,1,0.0477068462446566,4.311523386478866e-06
5189,감속기 관련 설계,0.01,1,0.0477068462446566,4.311523386478866e-06
5190,운용 프로그램 개발,0.01,1,0.0477068462446566,4.311523386478866e-06
5191,관련 자료 데이터 분석,0.01,1,0.0477068462446566,4.311523386478866e-06
5192,차량 처분하기,0.01,1,0.0477068462446566,4.311523386478866e-06
5193,안내데스크 고객 응대,0.01,1,0.0477068462446566,4.311523386478866e-06
5194,시스코 스위치,0.01,1,0.0477068462446566,4.311523386478866e-06
5195,닭 단순절단,0.01,1,0.0477068462446566,4.311523386478866e-06
5196,간단한 공장 설비 보수,0.01,1,0.0477068462446566,4.311523386478866e-06
5197,재원 관리,0.01,1,0.0477068462446566,4.311523386478866e-06
5198,국내 바이어 응대,0.01,1,0.0477068462446566,4.311523386478866e-06
5199,회원 내장객 접수,0.01,1,0.0477068462446566,4.311523386478866e-06
5200,협력관리,0.01,1,0.0477068462446566,4.311523386478866e-06
5201,외주 물품 조달,0.01,1,0.0477068462446566,4.311523386478866e-06
5202,BL TOOL,0.01,1,0.0477068462446566,4.311523386478866e-06
5203,배차전산관리,0.01,1,0.0477068462446566,4.311523386478866e-06
5204,시설 보수,0.01,1,0.0477068462446566,4.311523386478866e-06
5205,신제품 소싱,0.01,1,0.0477068462446566,4.311523386478866e-06
5206,이미지제작,0.01,1,0.0477068462446566,4.311523386478866e-06
5207,천장 크레인 신호수,0.01,1,0.0477068462446566,4.311523386478866e-06
5208,요양병원 접수,0.01,1,0.0477068462446566,4.311523386478866e-06
5209,사무관리 경력자,0.01,1,0.0477068462446566,4.311523386478866e-06
5210,원천업무,0.01,1,0.0477068462446566,4.311523386478866e-06
5211,CCTV설계,0.01,1,0.0477068462446566,4.311523386478866e-06
5212,영업전략 수립하기,0.01,1,0.0477068462446566,4.311523386478866e-06
5213,더존 회계인사 업무,0.01,1,0.0477068462446566,4.311523386478866e-06
5214,창업지원공간 운영,0.01,1,0.0477068462446566,4.311523386478866e-06
5215,중국 공장과의 업무 진행,0.01,1,0.0477068462446566,4.311523386478866e-06
5216,판매실적 정리,0.01,1,0.0477068462446566,4.311523386478866e-06
5217,금형업체 경력,0.01,1,0.0477068462446566,4.311523386478866e-06
5218,회원 지원 업무,0.01,1,0.0477068462446566,4.311523386478866e-06
5219,흑마늘 숙성실 전기적 조작,0.01,1,0.0477068462446566,4.311523386478866e-06
5220,A 확인,0.01,1,0.0477068462446566,4.311523386478866e-06
5221,체육관련학과,0.01,1,0.0477068462446566,4.311523386478866e-06
5222,장비 RA,0.01,1,0.0477068462446566,4.311523386478866e-06
5223,품질관리 교육프로그램 개발하기,0.01,1,0.0477068462446566,4.311523386478866e-06
5224,전기캐드,0.01,1,0.0477068462446566,4.311523386478866e-06
5225,이슈 모니터링,0.01,1,0.0477068462446566,4.311523386478866e-06
5226,재고자산 수불 관리,0.01,1,0.0477068462446566,4.311523386478866e-06
5227,기계 자재구매 발주,0.01,1,0.0477068462446566,4.311523386478866e-06
5228,전기무제한급 선임 가능자,0.01,1,0.0477068462446566,4.311523386478866e-06
5229,식품 개발 생산 관리,0.01,1,0.0477068462446566,4.311523386478866e-06
5230,산업용 에어컨,0.01,1,0.0477068462446566,4.311523386478866e-06
5231,원부재료입고,0.01,1,0.0477068462446566,4.311523386478866e-06
5232,JAVA SCRIPT,0.01,1,0.0477068462446566,4.311523386478866e-06
5233,섬유 원단 샘플 정리,0.01,1,0.0477068462446566,4.311523386478866e-06
5234,수출화물 전산등록,0.01,1,0.0477068462446566,4.311523386478866e-06
5235,사료공장 경력,0.01,1,0.0477068462446566,4.311523386478866e-06
5236,ADP,0.01,1,0.0477068462446566,4.311523386478866e-06
5237,CAD운용,0.01,1,0.0477068462446566,4.311523386478866e-06
5238,소방선임,0.01,1,0.0477068462446566,4.311523386478866e-06
5239,XPLATFORM,0.01,1,0.0477068462446566,4.311523386478866e-06
5240,터널 경력,0.01,1,0.0477068462446566,4.311523386478866e-06
5241,건축설비 관련 자격증,0.01,1,0.0477068462446566,4.311523386478866e-06
5242,수출입 컨테이너 배차업무,0.01,1,0.0477068462446566,4.311523386478866e-06
5243,레토르트 업무,0.01,1,0.0477068462446566,4.311523386478866e-06
5244,소방안전대행관리업체,0.01,1,0.0477068462446566,4.311523386478866e-06
5245,응용소프트웨어공학,0.01,1,0.0477068462446566,4.311523386478866e-06
5246,캐드 활용능력,0.01,1,0.0477068462446566,4.311523386478866e-06
5247,경영‧사업 기획,0.01,1,0.0477068462446566,4.311523386478866e-06
5248,수입마케팅,0.01,1,0.0477068462446566,4.311523386478866e-06
5249,IPO 진행 경력자,0.01,1,0.0477068462446566,4.311523386478866e-06
5250,계정별 원장관리,0.01,1,0.0477068462446566,4.311523386478866e-06
5251,건물 임대 계약,0.01,1,0.0477068462446566,4.311523386478866e-06
5252,프론트 영업자금,0.01,1,0.0477068462446566,4.311523386478866e-06
5253,라이브 서비스 운영,0.01,1,0.0477068462446566,4.311523386478866e-06
5254,사회복지 분야,0.01,1,0.0477068462446566,4.311523386478866e-06
5255,택배 접수,0.01,1,0.0477068462446566,4.311523386478866e-06
5256,전표기표,0.01,1,0.0477068462446566,4.311523386478866e-06
5257,UX 설계,0.01,1,0.0477068462446566,4.311523386478866e-06
5258,협력업체 선정하기,0.01,1,0.0477068462446566,4.311523386478866e-06
5259,규정개선,0.01,1,0.0477068462446566,4.311523386478866e-06
5260,산학 협력관,0.01,1,0.0477068462446566,4.311523386478866e-06
5261,케이스 작업,0.01,1,0.0477068462446566,4.311523386478866e-06
5262,자동차서열경험,0.01,1,0.0477068462446566,4.311523386478866e-06
5263,현장 착공,0.01,1,0.0477068462446566,4.311523386478866e-06
5264,연구소 기술지원,0.01,1,0.0477068462446566,4.311523386478866e-06
5265,종이세금계산서 발행,0.01,1,0.0477068462446566,4.311523386478866e-06
5266,차주관리,0.01,1,0.0477068462446566,4.311523386478866e-06
5267,학생 생활지도,0.01,1,0.0477068462446566,4.311523386478866e-06
5268,일반고객 관리하기,0.01,1,0.0477068462446566,4.311523386478866e-06
5269,영문번역,0.01,1,0.0477068462446566,4.311523386478866e-06
5270,FW,0.01,1,0.0477068462446566,4.311523386478866e-06
5271,관련 분야 학사 학위,0.01,1,0.0477068462446566,4.311523386478866e-06
5272,아동복지관련 총괄업무,0.01,1,0.0477068462446566,4.311523386478866e-06
5273,산업위생관리산업기사,0.01,1,0.0477068462446566,4.311523386478866e-06
5274,건설안전산업기사,0.01,1,0.0477068462446566,4.311523386478866e-06
5275,관급공사 관리,0.01,1,0.0477068462446566,4.311523386478866e-06
5276,SNS 마케팅 컨텐츠 디자인,0.01,1,0.0477068462446566,4.311523386478866e-06
5277,캐드 설계,0.01,1,0.0477068462446566,4.311523386478866e-06
5278,정보통신 감리원,0.01,1,0.0477068462446566,4.311523386478866e-06
5279,C++ 언어,0.01,1,0.0477068462446566,4.311523386478866e-06
5280,도장제품 생산관리,0.01,1,0.0477068462446566,4.311523386478866e-06
5281,S 전화 상담 업무,0.01,1,0.0477068462446566,4.311523386478866e-06
5282,현장 제품출고원,0.01,1,0.0477068462446566,4.311523386478866e-06
5283,생산 지표,0.01,1,0.0477068462446566,4.311523386478866e-06
5284,품질 관련 사무,0.01,1,0.0477068462446566,4.311523386478866e-06
5285,외국선원의 입출국 심사 대행,0.01,1,0.0477068462446566,4.311523386478866e-06
5286,정책 기획,0.01,1,0.0477068462446566,4.311523386478866e-06
5287,안전시설 설치,0.01,1,0.0477068462446566,4.311523386478866e-06
5288,관세법의 규정에 의한 수출,0.01,1,0.0477068462446566,4.311523386478866e-06
5289,거래처 월마감,0.01,1,0.0477068462446566,4.311523386478866e-06
5290,안전시설물 관리하기,0.01,1,0.0477068462446566,4.311523386478866e-06
5291,물류 관리 경력자,0.01,1,0.0477068462446566,4.311523386478866e-06
5292,경비신임교육 이수자,0.01,1,0.0477068462446566,4.311523386478866e-06
5293,현장 안전교육,0.01,1,0.0477068462446566,4.311523386478866e-06
5294,판매량 집계,0.01,1,0.0477068462446566,4.311523386478866e-06
5295,일용직 근로자 신고,0.01,1,0.0477068462446566,4.311523386478866e-06
5296,공문서 수·발신,0.01,1,0.0477068462446566,4.311523386478866e-06
5297,식약처,0.01,1,0.0477068462446566,4.311523386478866e-06
5298,VUEJS,0.01,1,0.0477068462446566,4.311523386478866e-06
5299,L2스위치 개발,0.01,1,0.0477068462446566,4.311523386478866e-06
5300,산소절단,0.01,1,0.0477068462446566,4.311523386478866e-06
5301,자금계획 수립,0.01,1,0.0477068462446566,4.311523386478866e-06
5302,회원사 입,0.01,1,0.0477068462446566,4.311523386478866e-06
5303,블럭 검사 신청전 확인 절차,0.01,1,0.0477068462446566,4.311523386478866e-06
5304,사료생산,0.01,1,0.0477068462446566,4.311523386478866e-06
5305,체크 인,0.01,1,0.0477068462446566,4.311523386478866e-06
5306,철구조물 중공업생산,0.01,1,0.0477068462446566,4.311523386478866e-06
5307,항공권 발권,0.01,1,0.0477068462446566,4.311523386478866e-06
5308,실정보고,0.01,1,0.0477068462446566,4.311523386478866e-06
5309,폐기품 관리,0.01,1,0.0477068462446566,4.311523386478866e-06
5310,군 보안담당 업무 경력,0.01,1,0.0477068462446566,4.311523386478866e-06
5311,가소성,0.01,1,0.0477068462446566,4.311523386478866e-06
5312,협력업체 관리하기,0.01,1,0.0477068462446566,4.311523386478866e-06
5313,월말마감 업무,0.01,1,0.0477068462446566,4.311523386478866e-06
5314,ORDER 관리,0.01,1,0.0477068462446566,4.311523386478866e-06
5315,위원회 관리,0.01,1,0.0477068462446566,4.311523386478866e-06
5316,전기 선임 가능자,0.01,1,0.0477068462446566,4.311523386478866e-06
5317,오프레타,0.01,1,0.0477068462446566,4.311523386478866e-06
5318,판넬공사,0.01,1,0.0477068462446566,4.311523386478866e-06
5319,화장품 생산관리,0.01,1,0.0477068462446566,4.311523386478866e-06
5320,소고기,0.01,1,0.0477068462446566,4.311523386478866e-06
5321,대학행정업무,0.01,1,0.0477068462446566,4.311523386478866e-06
5322,거래처순회 매장 관리,0.01,1,0.0477068462446566,4.311523386478866e-06
5323,객실 예약 접수,0.01,1,0.0477068462446566,4.311523386478866e-06
5324,자원화시키는,0.01,1,0.0477068462446566,4.311523386478866e-06
5325,SHI 경력,0.01,1,0.0477068462446566,4.311523386478866e-06
5326,조선해양관련 THIRD PARTY 소프트웨어 개발,0.01,1,0.0477068462446566,4.311523386478866e-06
5327,미디어플래너,0.01,1,0.0477068462446566,4.311523386478866e-06
5328,연구비 행정업무,0.01,1,0.0477068462446566,4.311523386478866e-06
5329,영업 운영 계획 수립,0.01,1,0.0477068462446566,4.311523386478866e-06
5330,아파트 관리소장 업무,0.01,1,0.0477068462446566,4.311523386478866e-06
5331,아파트 관리사무소 경리,0.01,1,0.0477068462446566,4.311523386478866e-06
5332,교통사고 조사,0.01,1,0.0477068462446566,4.311523386478866e-06
5333,주변환경 정리 정돈,0.01,1,0.0477068462446566,4.311523386478866e-06
5334,4대보험 신고관리,0.01,1,0.0477068462446566,4.311523386478866e-06
5335,보험회사 보상과 경력자,0.01,1,0.0477068462446566,4.311523386478866e-06
5336,1톤트럭 스틱 운전,0.01,1,0.0477068462446566,4.311523386478866e-06
5337,ROUTER,0.01,1,0.0477068462446566,4.311523386478866e-06
5338,사회복지사 2급 이상 보유자,0.01,1,0.0477068462446566,4.311523386478866e-06
5339,타이어 판매,0.01,1,0.0477068462446566,4.311523386478866e-06
5340,자금운용관리,0.01,1,0.0477068462446566,4.311523386478866e-06
5341,인사제도 기획,0.01,1,0.0477068462446566,4.311523386478866e-06
5342,소재관련 업종 종사경험,0.01,1,0.0477068462446566,4.311523386478866e-06
5343,생산일정계획 수립,0.01,1,0.0477068462446566,4.311523386478866e-06
5344,클라우드 인프라 모니터링,0.01,1,0.0477068462446566,4.311523386478866e-06
5345,세무리스크 검토,0.01,1,0.0477068462446566,4.311523386478866e-06
5346,회의 운영,0.01,1,0.0477068462446566,4.311523386478866e-06
5347,세무정보처리,0.01,1,0.0477068462446566,4.311523386478866e-06
5348,배관설비,0.01,1,0.0477068462446566,4.311523386478866e-06
5349,계약 관리하기,0.01,1,0.0477068462446566,4.311523386478866e-06
5350,택 작업,0.01,1,0.0477068462446566,4.311523386478866e-06
5351,돌잔치,0.01,1,0.0477068462446566,4.311523386478866e-06
5352,교육제도 운영,0.01,1,0.0477068462446566,4.311523386478866e-06
5353,통신연구개발,0.01,1,0.0477068462446566,4.311523386478866e-06
5354,매출입력,0.01,1,0.0477068462446566,4.311523386478866e-06
5355,경영지원업무 경력,0.01,1,0.0477068462446566,4.311523386478866e-06
5356,선급검사,0.01,1,0.0477068462446566,4.311523386478866e-06
5357,이벤트 전략과 방향 도출하기,0.01,1,0.0477068462446566,4.311523386478866e-06
5358,온오프라인 영업,0.01,1,0.0477068462446566,4.311523386478866e-06
5359,VLAN 구성,0.01,1,0.0477068462446566,4.311523386478866e-06
5360,병원 접수 업무,0.01,1,0.0477068462446566,4.311523386478866e-06
5361,건축경력,0.01,1,0.0477068462446566,4.311523386478866e-06
5362,생산일보 관리,0.01,1,0.0477068462446566,4.311523386478866e-06
5363,문화재보수업,0.01,1,0.0477068462446566,4.311523386478866e-06
5364,네트워크 보안,0.01,1,0.0477068462446566,4.311523386478866e-06
5365,브랜드 분야 기획서 작성,0.01,1,0.0477068462446566,4.311523386478866e-06
5366,재가노인복지시설,0.01,1,0.0477068462446566,4.311523386478866e-06
5367,홈페이지 관리운영,0.01,1,0.0477068462446566,4.311523386478866e-06
5368,LINUX 기반 소프트웨어 개발,0.01,1,0.0477068462446566,4.311523386478866e-06
5369,생산 현장 총괄,0.01,1,0.0477068462446566,4.311523386478866e-06
5370,시스템 기획,0.01,1,0.0477068462446566,4.311523386478866e-06
5371,전기무제한 선임 가능자,0.01,1,0.0477068462446566,4.311523386478866e-06
5372,사업비 정산,0.01,1,0.0477068462446566,4.311523386478866e-06
5373,컴퓨터 활용능력 1급,0.01,1,0.0477068462446566,4.311523386478866e-06
5374,목가구,0.01,1,0.0477068462446566,4.311523386478866e-06
5375,모듈 설계하기,0.01,1,0.0477068462446566,4.311523386478866e-06
5376,무역영어,0.01,1,0.0477068462446566,4.311523386478866e-06
5377,전화대응,0.01,1,0.0477068462446566,4.311523386478866e-06
5378,도면설계,0.01,1,0.0477068462446566,4.311523386478866e-06
5379,전자상거래 관리,0.01,1,0.0477068462446566,4.311523386478866e-06
5380,자재재고 관리하기,0.01,1,0.0477068462446566,4.311523386478866e-06
5381,입원수속하기,0.01,1,0.0477068462446566,4.311523386478866e-06
5382,설계 경험,0.01,1,0.0477068462446566,4.311523386478866e-06
5383,의료정보 시스템 개발,0.01,1,0.0477068462446566,4.311523386478866e-06
5384,한국경영원 김반장 프로그램 사용가능자,0.01,1,0.0477068462446566,4.311523386478866e-06
5385,해외바이어,0.01,1,0.0477068462446566,4.311523386478866e-06
5386,퇴직금 관리,0.01,1,0.0477068462446566,4.311523386478866e-06
5387,전자태그 기계 납품,0.01,1,0.0477068462446566,4.311523386478866e-06
5388,홀 정리,0.01,1,0.0477068462446566,4.311523386478866e-06
5389,숙성햄생산,0.01,1,0.0477068462446566,4.311523386478866e-06
5390,이벤트 진행하기,0.01,1,0.0477068462446566,4.311523386478866e-06
5391,자료구조,0.01,1,0.0477068462446566,4.311523386478866e-06
5392,진료비 수납기록 관리하기,0.01,1,0.0477068462446566,4.311523386478866e-06
5393,사업비관리,0.01,1,0.0477068462446566,4.311523386478866e-06
5394,임금조정안 확정하기,0.01,1,0.0477068462446566,4.311523386478866e-06
5395,직업재활사업,0.01,1,0.0477068462446566,4.311523386478866e-06
5396,전기 설계,0.01,1,0.0477068462446566,4.311523386478866e-06
5397,비품 처분하기,0.01,1,0.0477068462446566,4.311523386478866e-06
5398,피다 생산작업,0.01,1,0.0477068462446566,4.311523386478866e-06
5399,전기 1,0.01,1,0.0477068462446566,4.311523386478866e-06
5400,해외바어,0.01,1,0.0477068462446566,4.311523386478866e-06
5401,POP SYSTEM 개발,0.01,1,0.0477068462446566,4.311523386478866e-06
5402,인쇄물 관리하기,0.01,1,0.0477068462446566,4.311523386478866e-06
5403,선박부품 구매 자재관리,0.01,1,0.0477068462446566,4.311523386478866e-06
5404,C# OR LABVIEW,0.01,1,0.0477068462446566,4.311523386478866e-06
5405,프론트데스크 업무,0.01,1,0.0477068462446566,4.311523386478866e-06
5406,앱개발,0.01,1,0.0477068462446566,4.311523386478866e-06
5407,회계 업무 총괄 관리,0.01,1,0.0477068462446566,4.311523386478866e-06
5408,설비조작,0.01,1,0.0477068462446566,4.311523386478866e-06
5409,FIRMWARE 개발,0.01,1,0.0477068462446566,4.311523386478866e-06
5410,이벤트 실행계획 작성하기,0.01,1,0.0477068462446566,4.311523386478866e-06
5411,분양계약,0.01,1,0.0477068462446566,4.311523386478866e-06
5412,DB ORACLE,0.01,1,0.0477068462446566,4.311523386478866e-06
5413,출장 업무,0.01,1,0.0477068462446566,4.311523386478866e-06
5414,도시계획,0.01,1,0.0477068462446566,4.311523386478866e-06
5415,장비 수리,0.01,1,0.0477068462446566,4.311523386478866e-06
5416,연구관리,0.01,1,0.0477068462446566,4.311523386478866e-06
5417,비행조형물,0.01,1,0.0477068462446566,4.311523386478866e-06
5418,생산 제품 관리,0.01,1,0.0477068462446566,4.311523386478866e-06
5419,시험 성적서 작성,0.01,1,0.0477068462446566,4.311523386478866e-06
5420,설계도면 작성,0.01,1,0.0477068462446566,4.311523386478866e-06
5421,욕실용품 생산,0.01,1,0.0477068462446566,4.311523386478866e-06
5422,상품 단가 관리,0.01,1,0.0477068462446566,4.311523386478866e-06
5423,차량 정비,0.01,1,0.0477068462446566,4.311523386478866e-06
5424,입장권발권,0.01,1,0.0477068462446566,4.311523386478866e-06
5425,가동설비 확인,0.01,1,0.0477068462446566,4.311523386478866e-06
5426,공정감독,0.01,1,0.0477068462446566,4.311523386478866e-06
5427,기계설비 면허,0.01,1,0.0477068462446566,4.311523386478866e-06
5428,홀서빙업무관리,0.01,1,0.0477068462446566,4.311523386478866e-06
5429,기본적인 컴퓨터 활용능력,0.01,1,0.0477068462446566,4.311523386478866e-06
5430,세무사 사무실 근무 경력자,0.01,1,0.0477068462446566,4.311523386478866e-06
5431,산재전문,0.01,1,0.0477068462446566,4.311523386478866e-06
5432,하드웨어 개발,0.01,1,0.0477068462446566,4.311523386478866e-06
5433,건물 에너지 관리,0.01,1,0.0477068462446566,4.311523386478866e-06
5434,인사기획,0.01,1,0.0477068462446566,4.311523386478866e-06
5435,포스 설치 유지 보수,0.01,1,0.0477068462446566,4.311523386478866e-06
5436,인재개발,0.01,1,0.0477068462446566,4.311523386478866e-06
5437,SPI,0.01,1,0.0477068462446566,4.311523386478866e-06
5438,전반적 생산 제조 공정 계획,0.01,1,0.0477068462446566,4.311523386478866e-06
5439,현장사원 관리,0.01,1,0.0477068462446566,4.311523386478866e-06
5440,행사 주관,0.01,1,0.0477068462446566,4.311523386478866e-06
5441,보증수리 일반정비,0.01,1,0.0477068462446566,4.311523386478866e-06
5442,비교과 관리,0.01,1,0.0477068462446566,4.311523386478866e-06
5443,관련 업종 유경험,0.01,1,0.0477068462446566,4.311523386478866e-06
5444,HACCP 인증관리,0.01,1,0.0477068462446566,4.311523386478866e-06
5445,관리비 정산하기,0.01,1,0.0477068462446566,4.311523386478866e-06
5446,소프트웨어 유지보수,0.01,1,0.0477068462446566,4.311523386478866e-06
5447,회사 홈페이지 개선,0.01,1,0.0477068462446566,4.311523386478866e-06
5448,SLACK,0.01,1,0.0477068462446566,4.311523386478866e-06
5449,모듈캐리어지그,0.01,1,0.0477068462446566,4.311523386478866e-06
5450,CNC 가공,0.01,1,0.0477068462446566,4.311523386478866e-06
5451,티셔츠 영업 경력,0.01,1,0.0477068462446566,4.311523386478866e-06
5452,생활화학제품,0.01,1,0.0477068462446566,4.311523386478866e-06
5453,단말장치 운용하기,0.01,1,0.0477068462446566,4.311523386478866e-06
5454,품질관리 경력무관,0.01,1,0.0477068462446566,4.311523386478866e-06
5455,식품제조 생산관리,0.01,1,0.0477068462446566,4.311523386478866e-06
5456,도장부서 총괄 관리,0.01,1,0.0477068462446566,4.311523386478866e-06
5457,계약금액조정,0.01,1,0.0477068462446566,4.311523386478866e-06
5458,룸정리,0.01,1,0.0477068462446566,4.311523386478866e-06
5459,제조원가 관리,0.01,1,0.0477068462446566,4.311523386478866e-06
5460,해상항공 수출입 업무,0.01,1,0.0477068462446566,4.311523386478866e-06
5461,조선해양블럭 경험자,0.01,1,0.0477068462446566,4.311523386478866e-06
5462,R 접수,0.01,1,0.0477068462446566,4.311523386478866e-06
5463,더존 ICUBE,0.01,1,0.0477068462446566,4.311523386478866e-06
5464,관리비 고지서 발부,0.01,1,0.0477068462446566,4.311523386478866e-06
5465,콘크리트 시험,0.01,1,0.0477068462446566,4.311523386478866e-06
5466,선박대리점,0.01,1,0.0477068462446566,4.311523386478866e-06
5467,영어능력,0.01,1,0.0477068462446566,4.311523386478866e-06
5468,물류영업,0.01,1,0.0477068462446566,4.311523386478866e-06
5469,주택관리사보 자격증 소지자,0.01,1,0.0477068462446566,4.311523386478866e-06
5470,요양보호사 관리,0.01,1,0.0477068462446566,4.311523386478866e-06
5471,원부자재 재고관리,0.01,1,0.0477068462446566,4.311523386478866e-06
5472,전산세무1급,0.01,1,0.0477068462446566,4.311523386478866e-06
5473,중량,0.01,1,0.0477068462446566,4.311523386478866e-06
5474,WI-FI,0.01,1,0.0477068462446566,4.311523386478866e-06
5475,LABVIEW,0.01,1,0.0477068462446566,4.311523386478866e-06
5476,현장정리,0.01,1,0.0477068462446566,4.311523386478866e-06
5477,기타 마케팅,0.01,1,0.0477068462446566,4.311523386478866e-06
5478,작업표준서 작성하기,0.01,1,0.0477068462446566,4.311523386478866e-06
5479,전기 분야 자격증,0.01,1,0.0477068462446566,4.311523386478866e-06
5480,기계실 관리,0.01,1,0.0477068462446566,4.311523386478866e-06
5481,석산 현장관리,0.01,1,0.0477068462446566,4.311523386478866e-06
5482,절차 안내,0.01,1,0.0477068462446566,4.311523386478866e-06
5483,신고대리업무,0.01,1,0.0477068462446566,4.311523386478866e-06
5484,유사 업무 경험자,0.01,1,0.0477068462446566,4.311523386478866e-06
5485,네트워크시스템 구축,0.01,1,0.0477068462446566,4.311523386478866e-06
5486,물량 산출,0.01,1,0.0477068462446566,4.311523386478866e-06
5487,하우스키핑,0.01,1,0.0477068462446566,4.311523386478866e-06
5488,수출입컨테이너운송,0.01,1,0.0477068462446566,4.311523386478866e-06
5489,3D 설계,0.01,1,0.0477068462446566,4.311523386478866e-06
5490,청소활동 마무리하기,0.01,1,0.0477068462446566,4.311523386478866e-06
5491,건설현장 현장별 시공지도,0.01,1,0.0477068462446566,4.311523386478866e-06
5492,안전회의 참석,0.01,1,0.0477068462446566,4.311523386478866e-06
5493,차량 조달하기,0.01,1,0.0477068462446566,4.311523386478866e-06
5494,고객 영업,0.01,1,0.0477068462446566,4.311523386478866e-06
5495,인쇄 패키지 영업,0.01,1,0.0477068462446566,4.311523386478866e-06
5496,항공물류 실무자격증,0.01,1,0.0477068462446566,4.311523386478866e-06
5497,현장소장,0.01,1,0.0477068462446566,4.311523386478866e-06
5498,요양원의 운영관리,0.01,1,0.0477068462446566,4.311523386478866e-06
5499,계약조회,0.01,1,0.0477068462446566,4.311523386478866e-06
5500,일반행정 업무,0.01,1,0.0477068462446566,4.311523386478866e-06
5501,제품 입.출고 관리,0.01,1,0.0477068462446566,4.311523386478866e-06
5502,과세대상소득 확정하기,0.01,1,0.0477068462446566,4.311523386478866e-06
5503,농업기술센터 교육,0.01,1,0.0477068462446566,4.311523386478866e-06
5504,주방보조,0.01,1,0.0477068462446566,4.311523386478866e-06
5505,문서입력,0.01,1,0.0477068462446566,4.311523386478866e-06
5506,SNS 홍보 기획,0.01,1,0.0477068462446566,4.311523386478866e-06
5507,표시사항 관리,0.01,1,0.0477068462446566,4.311523386478866e-06
5508,건물 임대,0.01,1,0.0477068462446566,4.311523386478866e-06
5509,해외 업체,0.01,1,0.0477068462446566,4.311523386478866e-06
5510,세금납부,0.01,1,0.0477068462446566,4.311523386478866e-06
5511,P설치 시 현장 관리감독,0.01,1,0.0477068462446566,4.311523386478866e-06
5512,업무 보고,0.01,1,0.0477068462446566,4.311523386478866e-06
5513,품질시스템 인증,0.01,1,0.0477068462446566,4.311523386478866e-06
5514,서비스 기획,0.01,1,0.0477068462446566,4.311523386478866e-06
5515,생산결과분석,0.01,1,0.0477068462446566,4.311523386478866e-06
5516,은행출납,0.01,1,0.0477068462446566,4.311523386478866e-06
5517,영수증 발행하기,0.01,1,0.0477068462446566,4.311523386478866e-06
5518,정보처리산업기사,0.01,1,0.0477068462446566,4.311523386478866e-06
5519,스페인어,0.01,1,0.0477068462446566,4.311523386478866e-06
5520,사무환경 관리,0.01,1,0.0477068462446566,4.311523386478866e-06
5521,워드 작업,0.01,1,0.0477068462446566,4.311523386478866e-06
5522,토목 초급 이상 자격증,0.01,1,0.0477068462446566,4.311523386478866e-06
5523,연말정산업무,0.01,1,0.0477068462446566,4.311523386478866e-06
5524,설비유지보수,0.01,1,0.0477068462446566,4.311523386478866e-06
5525,기본문서 작성,0.01,1,0.0477068462446566,4.311523386478866e-06
5526,입장요금 수납,0.01,1,0.0477068462446566,4.311523386478866e-06
5527,유모차대여,0.01,1,0.0477068462446566,4.311523386478866e-06
5528,공공조달 마케팅,0.01,1,0.0477068462446566,4.311523386478866e-06
5529,영화관 경리,0.01,1,0.0477068462446566,4.311523386478866e-06
5530,예약 관련 자료 작성하기,0.01,1,0.0477068462446566,4.311523386478866e-06
5531,토공사업,0.01,1,0.0477068462446566,4.311523386478866e-06
5532,건축 자격증,0.01,1,0.0477068462446566,4.311523386478866e-06
5533,지게차 부재 선별,0.01,1,0.0477068462446566,4.311523386478866e-06
5534,요양병원 원무행정,0.01,1,0.0477068462446566,4.311523386478866e-06
5535,생산량 관리,0.01,1,0.0477068462446566,4.311523386478866e-06
5536,국제복합운송,0.01,1,0.0477068462446566,4.311523386478866e-06
5537,현대자동차 전산업무,0.01,1,0.0477068462446566,4.311523386478866e-06
5538,거래처마감 사무,0.01,1,0.0477068462446566,4.311523386478866e-06
5539,반제품 검사,0.01,1,0.0477068462446566,4.311523386478866e-06
5540,키오스크 관리,0.01,1,0.0477068462446566,4.311523386478866e-06
5541,BIS,0.01,1,0.0477068462446566,4.311523386478866e-06
5542,워터젯,0.01,1,0.0477068462446566,4.311523386478866e-06
5543,건설입찰수주,0.01,1,0.0477068462446566,4.311523386478866e-06
5544,승강기안전관리자,0.01,1,0.0477068462446566,4.311523386478866e-06
5545,종합 컨설팅,0.01,1,0.0477068462446566,4.311523386478866e-06
5546,인사노무관리,0.01,1,0.0477068462446566,4.311523386478866e-06
5547,기획서 작성,0.01,1,0.0477068462446566,4.311523386478866e-06
5548,회로 자재,0.01,1,0.0477068462446566,4.311523386478866e-06
5549,세금계산서 업무,0.01,1,0.0477068462446566,4.311523386478866e-06
5550,실박스 출고업무,0.01,1,0.0477068462446566,4.311523386478866e-06
5551,임금계약 체결하기,0.01,1,0.0477068462446566,4.311523386478866e-06
5552,일러스트레이터,0.01,1,0.0477068462446566,4.311523386478866e-06
5553,용어,0.01,1,0.0477068462446566,4.311523386478866e-06
5554,비계구조물 해체공사,0.01,1,0.0477068462446566,4.311523386478866e-06
5555,자재 입.출고,0.01,1,0.0477068462446566,4.311523386478866e-06
5556,가공공장 경력,0.01,1,0.0477068462446566,4.311523386478866e-06
5557,지역사회 기반 암환자 프로그램 지원,0.01,1,0.0477068462446566,4.311523386478866e-06
5558,승선 경험,0.01,1,0.0477068462446566,4.311523386478866e-06
5559,투입관리,0.01,1,0.0477068462446566,4.311523386478866e-06
5560,상품 촬영,0.01,1,0.0477068462446566,4.311523386478866e-06
5561,소방안전관리자 1급,0.01,1,0.0477068462446566,4.311523386478866e-06
5562,월별마감,0.01,1,0.0477068462446566,4.311523386478866e-06
5563,화장품영업,0.01,1,0.0477068462446566,4.311523386478866e-06
5564,건축도장기능사,0.01,1,0.0477068462446566,4.311523386478866e-06
5565,협력업체 발주,0.01,1,0.0477068462446566,4.311523386478866e-06
5566,배송 지원,0.01,1,0.0477068462446566,4.311523386478866e-06
5567,가공품 운반,0.01,1,0.0477068462446566,4.311523386478866e-06
5568,전기전자 제품수리,0.01,1,0.0477068462446566,4.311523386478866e-06
5569,공원묘역 경원지원 관리자,0.01,1,0.0477068462446566,4.311523386478866e-06
5570,고객검사,0.01,1,0.0477068462446566,4.311523386478866e-06
5571,4대보험 상실,0.01,1,0.0477068462446566,4.311523386478866e-06
5572,진료접수하기,0.01,1,0.0477068462446566,4.311523386478866e-06
5573,통신 설계,0.01,1,0.0477068462446566,4.311523386478866e-06
5574,문제해결,0.01,1,0.0477068462446566,4.311523386478866e-06
5575,자재 구매 입출고,0.01,1,0.0477068462446566,4.311523386478866e-06
5576,국내 수출입 컨테이너 운송,0.01,1,0.0477068462446566,4.311523386478866e-06
5577,펌웨어,0.01,1,0.0477068462446566,4.311523386478866e-06
5578,카페24,0.01,1,0.0477068462446566,4.311523386478866e-06
5579,업무 지시받기,0.01,1,0.0477068462446566,4.311523386478866e-06
5580,수출입통관,0.01,1,0.0477068462446566,4.311523386478866e-06
5581,수삽,0.01,1,0.0477068462446566,4.311523386478866e-06
5582,퇴실관리,0.01,1,0.0477068462446566,4.311523386478866e-06
5583,커뮤니케이션 가능,0.01,1,0.0477068462446566,4.311523386478866e-06
5584,법정교육,0.01,1,0.0477068462446566,4.311523386478866e-06
5585,조경자격증,0.01,1,0.0477068462446566,4.311523386478866e-06
5586,인사이트 도출,0.01,1,0.0477068462446566,4.311523386478866e-06
5587,제안 영업,0.01,1,0.0477068462446566,4.311523386478866e-06
5588,훈련생 모집,0.01,1,0.0477068462446566,4.311523386478866e-06
5589,중장비부품 생산관리,0.01,1,0.0477068462446566,4.311523386478866e-06
5590,ISP,0.01,1,0.0477068462446566,4.311523386478866e-06
5591,온도,0.01,1,0.0477068462446566,4.311523386478866e-06
5592,네이버 광고,0.01,1,0.0477068462446566,4.311523386478866e-06
5593,관리감독,0.01,1,0.0477068462446566,4.311523386478866e-06
5594,세무회계 프로그램,0.01,1,0.0477068462446566,4.311523386478866e-06
5595,기타 설비 보전,0.01,1,0.0477068462446566,4.311523386478866e-06
5596,구매 발주서,0.01,1,0.0477068462446566,4.311523386478866e-06
5597,전장시운전,0.01,1,0.0477068462446566,4.311523386478866e-06
5598,오퍼레이터,0.01,1,0.0477068462446566,4.311523386478866e-06
5599,전화 예약 상담,0.01,1,0.0477068462446566,4.311523386478866e-06
5600,골프장 현관 안내,0.01,1,0.0477068462446566,4.311523386478866e-06
5601,태양광발전소 유지관리,0.01,1,0.0477068462446566,4.311523386478866e-06
5602,매장운영 관리,0.01,1,0.0477068462446566,4.311523386478866e-06
5603,프레스 생산관리,0.01,1,0.0477068462446566,4.311523386478866e-06
5604,공사진행,0.01,1,0.0477068462446566,4.311523386478866e-06
5605,컴퓨터 활용능력자,0.01,1,0.0477068462446566,4.311523386478866e-06
5606,건축산업기사,0.01,1,0.0477068462446566,4.311523386478866e-06
5607,현장 공사 업무 관리,0.01,1,0.0477068462446566,4.311523386478866e-06
5608,작성지원,0.01,1,0.0477068462446566,4.311523386478866e-06
5609,BIZ 사용가능자,0.01,1,0.0477068462446566,4.311523386478866e-06
5610,자재 생산,0.01,1,0.0477068462446566,4.311523386478866e-06
5611,데코시트 구매부서 경력자,0.01,1,0.0477068462446566,4.311523386478866e-06
5612,신규개발,0.01,1,0.0477068462446566,4.311523386478866e-06
5613,무역 실무,0.01,1,0.0477068462446566,4.311523386478866e-06
5614,체크인,0.01,1,0.0477068462446566,4.311523386478866e-06
5615,단순하역,0.01,1,0.0477068462446566,4.311523386478866e-06
5616,앱 관리,0.01,1,0.0477068462446566,4.311523386478866e-06
5617,UX 기획,0.01,1,0.0477068462446566,4.311523386478866e-06
5618,발주 진행,0.01,1,0.0477068462446566,4.311523386478866e-06
5619,온라인 상품등록,0.01,1,0.0477068462446566,4.311523386478866e-06
5620,담당업체 수,0.01,1,0.0477068462446566,4.311523386478866e-06
5621,CAD 도면 작성,0.01,1,0.0477068462446566,4.311523386478866e-06
5622,SNS홍보,0.01,1,0.0477068462446566,4.311523386478866e-06
5623,객실 예약 업무,0.01,1,0.0477068462446566,4.311523386478866e-06
5624,물류주선,0.01,1,0.0477068462446566,4.311523386478866e-06
5625,오리도축,0.01,1,0.0477068462446566,4.311523386478866e-06
5626,퇴원수납,0.01,1,0.0477068462446566,4.311523386478866e-06
5627,구글 애널리틱스,0.01,1,0.0477068462446566,4.311523386478866e-06
5628,직무기술서,0.01,1,0.0477068462446566,4.311523386478866e-06
5629,현장자재관리,0.01,1,0.0477068462446566,4.311523386478866e-06
5630,샘플 전달,0.01,1,0.0477068462446566,4.311523386478866e-06
5631,대리점 영업 관리,0.01,1,0.0477068462446566,4.311523386478866e-06
5632,성과 관리,0.01,1,0.0477068462446566,4.311523386478866e-06
5633,심사청구,0.01,1,0.0477068462446566,4.311523386478866e-06
5634,배관설치,0.01,1,0.0477068462446566,4.311523386478866e-06
5635,이지스엔터프라이즈 프로그램 입력,0.01,1,0.0477068462446566,4.311523386478866e-06
5636,한글 작업,0.01,1,0.0477068462446566,4.311523386478866e-06
5637,장비조립,0.01,1,0.0477068462446566,4.311523386478866e-06
5638,CO2용접,0.01,1,0.0477068462446566,4.311523386478866e-06
5639,양산 공정 개선,0.01,1,0.0477068462446566,4.311523386478866e-06
5640,보험수리,0.01,1,0.0477068462446566,4.311523386478866e-06
5641,기장업체 관리,0.01,1,0.0477068462446566,4.311523386478866e-06
5642,해외법인,0.01,1,0.0477068462446566,4.311523386478866e-06
5643,장비부품,0.01,1,0.0477068462446566,4.311523386478866e-06
5644,그룹웨어 관리,0.01,1,0.0477068462446566,4.311523386478866e-06
5645,부두관리,0.01,1,0.0477068462446566,4.311523386478866e-06
5646,인터넷 쇼핑몰 디자인,0.01,1,0.0477068462446566,4.311523386478866e-06
5647,LINUX,0.01,1,0.0477068462446566,4.311523386478866e-06
5648,집합건물 관리소장 경력,0.01,1,0.0477068462446566,4.311523386478866e-06
5649,시설안전관리,0.01,1,0.0477068462446566,4.311523386478866e-06
5650,4대보험업무 관리,0.01,1,0.0477068462446566,4.311523386478866e-06
5651,FIRMWARE,0.01,1,0.0477068462446566,4.311523386478866e-06
5652,상품 시장조사,0.01,1,0.0477068462446566,4.311523386478866e-06
5653,정기검사,0.01,1,0.0477068462446566,4.311523386478866e-06
5654,비료,0.01,1,0.0477068462446566,4.311523386478866e-06
5655,관공서 외근,0.01,1,0.0477068462446566,4.311523386478866e-06
5656,일반행정업무,0.01,1,0.0477068462446566,4.311523386478866e-06
5657,오더 접수,0.01,1,0.0477068462446566,4.311523386478866e-06
5658,매입매출관련 업무,0.01,1,0.0477068462446566,4.311523386478866e-06
5659,리스크 관리,0.01,1,0.0477068462446566,4.311523386478866e-06
5660,핀테크,0.01,1,0.0477068462446566,4.311523386478866e-06
5661,매출 자료 정리,0.01,1,0.0477068462446566,4.311523386478866e-06
5662,생명과학,0.01,1,0.0477068462446566,4.311523386478866e-06
5663,장비관리,0.01,1,0.0477068462446566,4.311523386478866e-06
5664,AUTOCAD,0.01,1,0.0477068462446566,4.311523386478866e-06
5665,견적 관리,0.01,1,0.0477068462446566,4.311523386478866e-06
5666,생산일지 작성,0.01,1,0.0477068462446566,4.311523386478866e-06
5667,예산 관리,0.01,1,0.0477068462446566,4.311523386478866e-06
5668,현장청소,0.01,1,0.0477068462446566,4.311523386478866e-06
5669,영업보고,0.01,1,0.0477068462446566,4.311523386478866e-06
5670,미생물학,0.01,1,0.0477068462446566,4.311523386478866e-06
5671,양도소득세 신고하기,0.01,1,0.0477068462446566,4.311523386478866e-06
5672,OTA 예약,0.01,1,0.0477068462446566,4.311523386478866e-06
5673,그 외 기타 사무업무,0.01,1,0.0477068462446566,4.311523386478866e-06
5674,입찰 관리,0.01,1,0.0477068462446566,4.311523386478866e-06
5675,단체영업,0.01,1,0.0477068462446566,4.311523386478866e-06
5676,원란,0.01,1,0.0477068462446566,4.311523386478866e-06
5677,주택관리사자격증,0.01,1,0.0477068462446566,4.311523386478866e-06
5678,민원업무,0.01,1,0.0477068462446566,4.311523386478866e-06
5679,주택관리사 자격증,0.01,1,0.0477068462446566,4.311523386478866e-06
5680,품질 중급기술자,0.01,1,0.0477068462446566,4.311523386478866e-06
5681,인터넷 마케팅 활용하기,0.01,1,0.0477068462446566,4.311523386478866e-06
5682,매출실적,0.01,1,0.0477068462446566,4.311523386478866e-06
5683,온라인 마케팅,0.01,1,0.0477068462446566,4.311523386478866e-06
5684,PIC,0.01,1,0.0477068462446566,4.311523386478866e-06
5685,토목관련 학과,0.01,1,0.0477068462446566,4.311523386478866e-06
5686,기계설비유지관리자,0.01,1,0.0477068462446566,4.311523386478866e-06
5687,리더십,0.01,1,0.0477068462446566,4.311523386478866e-06
5688,마케팅기획,0.01,1,0.0477068462446566,4.311523386478866e-06
5689,SNS관리,0.01,1,0.0477068462446566,4.311523386478866e-06
5690,신입사원 교육,0.01,1,0.0477068462446566,4.311523386478866e-06
5691,자동차 부품 품질,0.01,1,0.0477068462446566,4.311523386478866e-06
5692,협력업체 등록,0.01,1,0.0477068462446566,4.311523386478866e-06
5693,앱 개발,0.01,1,0.0477068462446566,4.311523386478866e-06
5694,전산실,0.01,1,0.0477068462446566,4.311523386478866e-06
5695,법인카드관리,0.01,1,0.0477068462446566,4.311523386478866e-06
5696,세무회계사무소 경력,0.01,1,0.0477068462446566,4.311523386478866e-06
5697,캐드 작업,0.01,1,0.0477068462446566,4.311523386478866e-06
5698,보건관리,0.01,1,0.0477068462446566,4.311523386478866e-06
5699,급여작업,0.01,1,0.0477068462446566,4.311523386478866e-06
5700,생명공학,0.01,1,0.0477068462446566,4.311523386478866e-06
5701,분배,0.01,1,0.0477068462446566,4.311523386478866e-06
5702,출금 내역 관리,0.01,1,0.0477068462446566,4.311523386478866e-06
5703,보험 수납,0.01,1,0.0477068462446566,4.311523386478866e-06
5704,생산스케쥴관리,0.01,1,0.0477068462446566,4.311523386478866e-06
5705,양산품질,0.01,1,0.0477068462446566,4.311523386478866e-06
5706,플라스틱사출물 취급,0.01,1,0.0477068462446566,4.311523386478866e-06
5707,시간 관리,0.01,1,0.0477068462446566,4.311523386478866e-06
5708,독해,0.01,1,0.0477068462446566,4.311523386478866e-06
5709,재직자 교육,0.01,1,0.0477068462446566,4.311523386478866e-06
5710,전기 조립,0.01,1,0.0477068462446566,4.311523386478866e-06
5711,생산 일정관리,0.01,1,0.0477068462446566,4.311523386478866e-06
5712,금속가공,0.01,1,0.0477068462446566,4.311523386478866e-06
5713,1톤 트럭운전,0.01,1,0.0477068462446566,4.311523386478866e-06
5714,수업 스케줄 관리,0.01,1,0.0477068462446566,4.311523386478866e-06
5715,창고 재고 관리,0.01,1,0.0477068462446566,4.311523386478866e-06
5716,사업소득 원천징수하기,0.01,1,0.0477068462446566,4.311523386478866e-06
5717,간단한 엑셀 작업,0.01,1,0.0477068462446566,4.311523386478866e-06
5718,약품 영업,0.01,1,0.0477068462446566,4.311523386478866e-06
5719,월마감업무,0.01,1,0.0477068462446566,4.311523386478866e-06
5720,컴퓨터 능력,0.01,1,0.0477068462446566,4.311523386478866e-06
5721,일용직 관리,0.01,1,0.0477068462446566,4.311523386478866e-06
5722,입사자 관리,0.01,1,0.0477068462446566,4.311523386478866e-06
5723,엑셀 기본,0.01,1,0.0477068462446566,4.311523386478866e-06
5724,세무 신고,0.01,1,0.0477068462446566,4.311523386478866e-06
5725,CCNA,0.01,1,0.0477068462446566,4.311523386478866e-06
5726,팀원관리,0.01,1,0.0477068462446566,4.311523386478866e-06
5727,더존 ERP 사용,0.01,1,0.0477068462446566,4.311523386478866e-06
5728,휴게소 관리,0.01,1,0.0477068462446566,4.311523386478866e-06
5729,자동차부품 절단,0.01,1,0.0477068462446566,4.311523386478866e-06
5730,IPS,0.01,1,0.0477068462446566,4.311523386478866e-06
5731,자재 관리책임자,0.01,1,0.0477068462446566,4.311523386478866e-06
5732,해외출장,0.01,1,0.0477068462446566,4.311523386478866e-06
5733,DOCUMENT,0.01,1,0.0477068462446566,4.311523386478866e-06
5734,교육실시,0.01,1,0.0477068462446566,4.311523386478866e-06
5735,몰드 오퍼레이터,0.01,1,0.0477068462446566,4.311523386478866e-06
5736,자사 홈페이지 관리,0.01,1,0.0477068462446566,4.311523386478866e-06
5737,경리회계프로그램,0.01,1,0.0477068462446566,4.311523386478866e-06
5738,MICROSOFT OFFICE,0.01,1,0.0477068462446566,4.311523386478866e-06
5739,공사직원,0.01,1,0.0477068462446566,4.311523386478866e-06
5740,영어 가능자,0.01,1,0.0477068462446566,4.311523386478866e-06
5741,지게차 사용,0.01,1,0.0477068462446566,4.311523386478866e-06
5742,기성 청구,0.01,1,0.0477068462446566,4.311523386478866e-06
5743,거래처영업,0.01,1,0.0477068462446566,4.311523386478866e-06
5744,전화 접수,0.01,1,0.0477068462446566,4.311523386478866e-06
5745,자동차 보험,0.01,1,0.0477068462446566,4.311523386478866e-06
5746,분해,0.01,1,0.0477068462446566,4.311523386478866e-06
5747,회사 내부 업무,0.01,1,0.0477068462446566,4.311523386478866e-06
5748,안내데스크 접수,0.01,1,0.0477068462446566,4.311523386478866e-06
5749,제품절단포장,0.01,1,0.0477068462446566,4.311523386478866e-06
5750,회계전표 작성,0.01,1,0.0477068462446566,4.311523386478866e-06
5751,제고관리,0.01,1,0.0477068462446566,4.311523386478866e-06
5752,재무제표 작성하기,0.01,1,0.0477068462446566,4.311523386478866e-06
5753,일어,0.01,1,0.0477068462446566,4.311523386478866e-06
5754,기계 관리,0.01,1,0.0477068462446566,4.311523386478866e-06
5755,현장 공정,0.01,1,0.0477068462446566,4.311523386478866e-06
5756,자산부채계정 마감하기,0.01,1,0.0477068462446566,4.311523386478866e-06
5757,생산계획수립,0.01,1,0.0477068462446566,4.311523386478866e-06
5758,자동차필터 생산,0.01,1,0.0477068462446566,4.311523386478866e-06
5759,유니폼 디자인,0.01,1,0.0477068462446566,4.311523386478866e-06
5760,배차 관리,0.01,1,0.0477068462446566,4.311523386478866e-06
5761,경리나라 프로그램,0.01,1,0.0477068462446566,4.311523386478866e-06
5762,지급명세서 제출,0.01,1,0.0477068462446566,4.311523386478866e-06
5763,원단 생산,0.01,1,0.0477068462446566,4.311523386478866e-06
5764,현장 생산일정 관리,0.01,1,0.0477068462446566,4.311523386478866e-06
5765,컴퓨터 문서작성,0.01,1,0.0477068462446566,4.311523386478866e-06
5766,식품관련 전공자,0.01,1,0.0477068462446566,4.311523386478866e-06
5767,비교견적,0.01,1,0.0477068462446566,4.311523386478866e-06
5768,BOM,0.01,1,0.0477068462446566,4.311523386478866e-06
5769,농수산,0.01,1,0.0477068462446566,4.311523386478866e-06
5770,컴퓨터 관련 자격증 소지자,0.01,1,0.0477068462446566,4.311523386478866e-06
5771,자재 재고파악,0.01,1,0.0477068462446566,4.311523386478866e-06
5772,영업계획 수립,0.01,1,0.0477068462446566,4.311523386478866e-06
5773,비대면상담,0.01,1,0.0477068462446566,4.311523386478866e-06
5774,출하작업,0.01,1,0.0477068462446566,4.311523386478866e-06
5775,생산인원관리,0.01,1,0.0477068462446566,4.311523386478866e-06
5776,샘플링하기,0.01,1,0.0477068462446566,4.311523386478866e-06
5777,시운전,0.01,1,0.0477068462446566,4.311523386478866e-06
5778,유사업무 경험,0.01,1,0.0477068462446566,4.311523386478866e-06
5779,수발주관리,0.01,1,0.0477068462446566,4.311523386478866e-06
5780,도면 검토,0.01,1,0.0477068462446566,4.311523386478866e-06
5781,기자재 관리,0.01,1,0.0477068462446566,4.311523386478866e-06
5782,원료투입,0.01,1,0.0477068462446566,4.311523386478866e-06
5783,법인세 부속서류 작성하기,0.01,1,0.0477068462446566,4.311523386478866e-06
5784,선적,0.01,1,0.0477068462446566,4.311523386478866e-06
5785,기계 조작,0.01,1,0.0477068462446566,4.311523386478866e-06
5786,포워딩,0.01,1,0.0477068462446566,4.311523386478866e-06
5787,공정관리자,0.01,1,0.0477068462446566,4.311523386478866e-06
5788,입출관리,0.01,1,0.0477068462446566,4.311523386478866e-06
5789,MS오피스,0.01,1,0.0477068462446566,4.311523386478866e-06
5790,생산 실적 관리,0.01,1,0.0477068462446566,4.311523386478866e-06
5791,소통 능력,0.01,1,0.0477068462446566,4.311523386478866e-06
5792,식용유 판매,0.01,1,0.0477068462446566,4.311523386478866e-06
5793,기술연구소,0.01,1,0.0477068462446566,4.311523386478866e-06
5794,꼼꼼함,0.01,1,0.0477068462446566,4.311523386478866e-06
5795,건설현장 소장업무,0.01,1,0.0477068462446566,4.311523386478866e-06
5796,오프라인 홍보,0.01,1,0.0477068462446566,4.311523386478866e-06
5797,사대보험 업무,0.01,1,0.0477068462446566,4.311523386478866e-06
5798,워드프로세스,0.01,1,0.0477068462446566,4.311523386478866e-06
5799,절곡,0.01,1,0.0477068462446566,4.311523386478866e-06
5800,기타행정업무,0.01,1,0.0477068462446566,4.311523386478866e-06
5801,외주업체관리,0.01,1,0.0477068462446566,4.311523386478866e-06
5802,배송기사,0.01,1,0.0477068462446566,4.311523386478866e-06
5803,PHP,0.01,1,0.0477068462446566,4.311523386478866e-06
5804,자동차부품제조,0.01,1,0.0477068462446566,4.311523386478866e-06
5805,SQ인증관리,0.01,1,0.0477068462446566,4.311523386478866e-06
5806,견적산출,0.01,1,0.0477068462446566,4.311523386478866e-06
5807,WEHAGO 사용,0.01,1,0.0477068462446566,4.311523386478866e-06
5808,온라인 광고 관리,0.01,1,0.0477068462446566,4.311523386478866e-06
5809,입.퇴사 신고,0.01,1,0.0477068462446566,4.311523386478866e-06
5810,외국어 능통자,0.01,1,0.0477068462446566,4.311523386478866e-06
5811,전화 업무,0.01,1,0.0477068462446566,4.311523386478866e-06
5812,퇴직소득 원천징수하기,0.01,1,0.0477068462446566,4.311523386478866e-06
5813,사업 운영,0.01,1,0.0477068462446566,4.311523386478866e-06
5814,신고하기,0.01,1,0.0477068462446566,4.311523386478866e-06
5815,수발 업무,0.01,1,0.0477068462446566,4.311523386478866e-06
5816,현장 업무지원,0.01,1,0.0477068462446566,4.311523386478866e-06
5817,출퇴근관리,0.01,1,0.0477068462446566,4.311523386478866e-06
5818,유통영업,0.01,1,0.0477068462446566,4.311523386478866e-06
5819,수질,0.01,1,0.0477068462446566,4.311523386478866e-06
5820,회계겸직,0.01,1,0.0477068462446566,4.311523386478866e-06
5821,물류관리사,0.01,1,0.0477068462446566,4.311523386478866e-06
5822,토목관련 자격증,0.01,1,0.0477068462446566,4.311523386478866e-06
5823,온라인판매관리,0.01,1,0.0477068462446566,4.311523386478866e-06
5824,해당직무 근무 경험,0.01,1,0.0477068462446566,4.311523386478866e-06
5825,안전 관리,0.01,1,0.0477068462446566,4.311523386478866e-06
5826,기획업무,0.01,1,0.0477068462446566,4.311523386478866e-06
5827,토목분야,0.01,1,0.0477068462446566,4.311523386478866e-06
5828,용해,0.01,1,0.0477068462446566,4.311523386478866e-06
5829,기장거래처 관리,0.01,1,0.0477068462446566,4.311523386478866e-06
5830,업체 기장대리,0.01,1,0.0477068462446566,4.311523386478866e-06
5831,TOEIC 800점 이상,0.01,1,0.0477068462446566,4.311523386478866e-06
5832,정부지원사업,0.01,1,0.0477068462446566,4.311523386478866e-06
5833,무역업무,0.01,1,0.0477068462446566,4.311523386478866e-06
5834,병원 접수,0.01,1,0.0477068462446566,4.311523386478866e-06
5835,규격서 작성,0.01,1,0.0477068462446566,4.311523386478866e-06
5836,카카오톡,0.01,1,0.0477068462446566,4.311523386478866e-06
5837,월 결산,0.01,1,0.0477068462446566,4.311523386478866e-06
5838,완제품 검사,0.01,1,0.0477068462446566,4.311523386478866e-06
5839,생산 계획 관리,0.01,1,0.0477068462446566,4.311523386478866e-06
5840,현장 인원 관리,0.01,1,0.0477068462446566,4.311523386478866e-06
5841,캐드 유경험,0.01,1,0.0477068462446566,4.311523386478866e-06
5842,장비 운영,0.01,1,0.0477068462446566,4.311523386478866e-06
5843,이상 발생,0.01,1,0.0477068462446566,4.311523386478866e-06
5844,제작관리,0.01,1,0.0477068462446566,4.311523386478866e-06
5845,업체 발굴,0.01,1,0.0477068462446566,4.311523386478866e-06
5846,재산관리,0.01,1,0.0477068462446566,4.311523386478866e-06
5847,총무 사무원,0.01,1,0.0477068462446566,4.311523386478866e-06
5848,직원 관리,0.01,1,0.0477068462446566,4.311523386478866e-06
5849,설비관리,0.01,1,0.0477068462446566,4.311523386478866e-06
5850,회계 관련 DB마스터 관리하기,0.01,1,0.0477068462446566,4.311523386478866e-06
5851,제신고,0.01,1,0.0477068462446566,4.311523386478866e-06
5852,제품검수,0.01,1,0.0477068462446566,4.311523386478866e-06
5853,문의 응대,0.01,1,0.0477068462446566,4.311523386478866e-06
5854,위험성평가,0.01,1,0.0477068462446566,4.311523386478866e-06
5855,설계영업,0.01,1,0.0477068462446566,4.311523386478866e-06
5856,공정 개선,0.01,1,0.0477068462446566,4.311523386478866e-06
5857,연차관리,0.01,1,0.0477068462446566,4.311523386478866e-06
5858,생산성 향상,0.01,1,0.0477068462446566,4.311523386478866e-06
5859,근로소득,0.01,1,0.0477068462446566,4.311523386478866e-06
5860,실무경력,0.01,1,0.0477068462446566,4.311523386478866e-06
5861,전반적인 관리업무,0.01,1,0.0477068462446566,4.311523386478866e-06
5862,농산물 판매,0.01,1,0.0477068462446566,4.311523386478866e-06
5863,간호학,0.01,1,0.0477068462446566,4.311523386478866e-06
5864,품질 보증,0.01,1,0.0477068462446566,4.311523386478866e-06
5865,프리캐스트 콘크리트 생산 제조,0.01,1,0.0477068462446566,4.311523386478866e-06
5866,벤딩,0.01,1,0.0477068462446566,4.311523386478866e-06
5867,노인요양시설,0.01,1,0.0477068462446566,4.311523386478866e-06
5868,애견수영장 청소,0.01,1,0.0477068462446566,4.311523386478866e-06
5869,학생관리,0.01,1,0.0477068462446566,4.311523386478866e-06
5870,비용관리,0.01,1,0.0477068462446566,4.311523386478866e-06
5871,상품 기획,0.01,1,0.0477068462446566,4.311523386478866e-06
5872,문서 수발신,0.01,1,0.0477068462446566,4.311523386478866e-06
5873,이슈 대응,0.01,1,0.0477068462446566,4.311523386478866e-06
5874,전자공학,0.01,1,0.0477068462446566,4.311523386478866e-06
5875,출하전표 발행,0.01,1,0.0477068462446566,4.311523386478866e-06
5876,재무제표 작성,0.01,1,0.0477068462446566,4.311523386478866e-06
5877,대책서 작성,0.01,1,0.0477068462446566,4.311523386478866e-06
5878,영업업무,0.01,1,0.0477068462446566,4.311523386478866e-06
5879,주택관리사,0.01,1,0.0477068462446566,4.311523386478866e-06
5880,I-CUBE,0.01,1,0.0477068462446566,4.311523386478866e-06
5881,프리젠테이션,0.01,1,0.0477068462446566,4.311523386478866e-06
5882,축산업,0.01,1,0.0477068462446566,4.311523386478866e-06
5883,PC 사용,0.01,1,0.0477068462446566,4.311523386478866e-06
5884,LIST 관리,0.01,1,0.0477068462446566,4.311523386478866e-06
5885,배차사무,0.01,1,0.0477068462446566,4.311523386478866e-06
5886,DATA관리,0.01,1,0.0477068462446566,4.311523386478866e-06
5887,부자재관리,0.01,1,0.0477068462446566,4.311523386478866e-06
5888,관련업무 경력자,0.01,1,0.0477068462446566,4.311523386478866e-06
5889,HRD,0.01,1,0.0477068462446566,4.311523386478866e-06
5890,인력채용,0.01,1,0.0477068462446566,4.311523386478866e-06
5891,도어,0.01,1,0.0477068462446566,4.311523386478866e-06
5892,사업소득 세무조정하기,0.01,1,0.0477068462446566,4.311523386478866e-06
5893,공장생산,0.01,1,0.0477068462446566,4.311523386478866e-06
5894,온라인 쇼핑,0.01,1,0.0477068462446566,4.311523386478866e-06
5895,제품 납품,0.01,1,0.0477068462446566,4.311523386478866e-06
5896,원가 관리,0.01,1,0.0477068462446566,4.311523386478866e-06
5897,스텐,0.01,1,0.0477068462446566,4.311523386478866e-06
5898,고객상담,0.01,1,0.0477068462446566,4.311523386478866e-06
5899,총무관리직,0.01,1,0.0477068462446566,4.311523386478866e-06
5900,E-MAIL,0.01,1,0.0477068462446566,4.311523386478866e-06
5901,서류 입력,0.01,1,0.0477068462446566,4.311523386478866e-06
5902,영업직,0.01,1,0.0477068462446566,4.311523386478866e-06
5903,대금 관리,0.01,1,0.0477068462446566,4.311523386478866e-06
5904,활동 지원,0.01,1,0.0477068462446566,4.311523386478866e-06
5905,유관업무 경력,0.01,1,0.0477068462446566,4.311523386478866e-06
5906,생산 스케줄 관리,0.01,1,0.0477068462446566,4.311523386478866e-06
5907,조달관리,0.01,1,0.0477068462446566,4.311523386478866e-06
5908,접수 수납,0.01,1,0.0477068462446566,4.311523386478866e-06
5909,거래명세서 관리,0.01,1,0.0477068462446566,4.311523386478866e-06
5910,생산 계획,0.01,1,0.0477068462446566,4.311523386478866e-06
5911,키스콘,0.01,1,0.0477068462446566,4.311523386478866e-06
5912,상품기획,0.01,1,0.0477068462446566,4.311523386478866e-06
5913,현장 소장,0.01,1,0.0477068462446566,4.311523386478866e-06
5914,설비 셋팅,0.01,1,0.0477068462446566,4.311523386478866e-06
5915,건강기능식품,0.01,1,0.0477068462446566,4.311523386478866e-06
5916,셔틀버스 운행,0.01,1,0.0477068462446566,4.311523386478866e-06
5917,타일,0.01,1,0.0477068462446566,4.311523386478866e-06
5918,도면 해석,0.01,1,0.0477068462446566,4.311523386478866e-06
5919,세법상 수입금액 확정하기,0.01,1,0.0477068462446566,4.311523386478866e-06
5920,제품 측정,0.01,1,0.0477068462446566,4.311523386478866e-06
5921,회계프로그램 사용,0.01,1,0.0477068462446566,4.311523386478866e-06
5922,생산공정관리,0.01,1,0.0477068462446566,4.311523386478866e-06
5923,완성품,0.01,1,0.0477068462446566,4.311523386478866e-06
5924,공구 관리,0.01,1,0.0477068462446566,4.311523386478866e-06
5925,매입 매출관리,0.01,1,0.0477068462446566,4.311523386478866e-06
5926,제과제빵,0.01,1,0.0477068462446566,4.311523386478866e-06
5927,마케팅 경력,0.01,1,0.0477068462446566,4.311523386478866e-06
5928,예약관리,0.01,1,0.0477068462446566,4.311523386478866e-06
5929,사회복지사 자격증,0.01,1,0.0477068462446566,4.311523386478866e-06
5930,일반사무 업무,0.01,1,0.0477068462446566,4.311523386478866e-06
5931,자재 입출고관리,0.01,1,0.0477068462446566,4.311523386478866e-06
5932,컴퓨터 관련 자격증,0.01,1,0.0477068462446566,4.311523386478866e-06
5933,자재입출고,0.01,1,0.0477068462446566,4.311523386478866e-06
5934,결산대행,0.01,1,0.0477068462446566,4.311523386478866e-06
5935,드라이,0.01,1,0.0477068462446566,4.311523386478866e-06
5936,생산계획 작성,0.01,1,0.0477068462446566,4.311523386478866e-06
5937,CNC,0.01,1,0.0477068462446566,4.311523386478866e-06
5938,유급 휴가,0.01,1,0.0477068462446566,4.311523386478866e-06
5939,차단,0.01,1,0.0477068462446566,4.311523386478866e-06
5940,하도급관리,0.01,1,0.0477068462446566,4.311523386478866e-06
5941,금속재료시험,0.01,1,0.0477068462446566,4.311523386478866e-06
5942,등록 업무,0.01,1,0.0477068462446566,4.311523386478866e-06
5943,건물 관리,0.01,1,0.0477068462446566,4.311523386478866e-06
5944,사상,0.01,1,0.0477068462446566,4.311523386478866e-06
5945,조선공학,0.01,1,0.0477068462446566,4.311523386478866e-06
5946,예약 관리,0.01,1,0.0477068462446566,4.311523386478866e-06
5947,공문서 수,0.01,1,0.0477068462446566,4.311523386478866e-06
5948,제품 개발,0.01,1,0.0477068462446566,4.311523386478866e-06
5949,급여명세서 작성,0.01,1,0.0477068462446566,4.311523386478866e-06
5950,법무,0.01,1,0.0477068462446566,4.311523386478866e-06
5951,원무과 접수,0.01,1,0.0477068462446566,4.311523386478866e-06
5952,프런트 업무,0.01,1,0.0477068462446566,4.311523386478866e-06
5953,회계 경력,0.01,1,0.0477068462446566,4.311523386478866e-06
5954,1톤,0.01,1,0.0477068462446566,4.311523386478866e-06
5955,대외 품질관련 보고서 작성,0.01,1,0.0477068462446566,4.311523386478866e-06
5956,완제품 입출고 관리,0.01,1,0.0477068462446566,4.311523386478866e-06
5957,생산 일정 관리,0.01,1,0.0477068462446566,4.311523386478866e-06
5958,지게차 운전가능자,0.01,1,0.0477068462446566,4.311523386478866e-06
5959,견적작성,0.01,1,0.0477068462446566,4.311523386478866e-06
5960,결산조정,0.01,1,0.0477068462446566,4.311523386478866e-06
5961,오픈마켓,0.01,1,0.0477068462446566,4.311523386478866e-06
5962,탑재공정,0.01,1,0.0477068462446566,4.311523386478866e-06
5963,이메일 접수,0.01,1,0.0477068462446566,4.311523386478866e-06
5964,원무행정,0.01,1,0.0477068462446566,4.311523386478866e-06
5965,관공서 업무,0.01,1,0.0477068462446566,4.311523386478866e-06
5966,철근가공,0.01,1,0.0477068462446566,4.311523386478866e-06
5967,사업 관리,0.01,1,0.0477068462446566,4.311523386478866e-06
5968,대인관계,0.01,1,0.0477068462446566,4.311523386478866e-06
5969,근무 지,0.01,1,0.0477068462446566,4.311523386478866e-06
5970,입 관리,0.01,1,0.0477068462446566,4.311523386478866e-06
5971,생산 제품,0.01,1,0.0477068462446566,4.311523386478866e-06
5972,스토어 운영,0.01,1,0.0477068462446566,4.311523386478866e-06
5973,행정업무 보조,0.01,1,0.0477068462446566,4.311523386478866e-06
5974,거래처 대응,0.01,1,0.0477068462446566,4.311523386478866e-06
5975,후처리,0.01,1,0.0477068462446566,4.311523386478866e-06
5976,견인,0.01,1,0.0477068462446566,4.311523386478866e-06
5977,관련서류 작성,0.01,1,0.0477068462446566,4.311523386478866e-06
5978,세무조정업무,0.01,1,0.0477068462446566,4.311523386478866e-06
5979,회계결산,0.01,1,0.0477068462446566,4.311523386478866e-06
5980,품질 문서 관리,0.01,1,0.0477068462446566,4.311523386478866e-06
5981,자동차 부품 품질관리,0.01,1,0.0477068462446566,4.311523386478866e-06
5982,사업비 관리,0.01,1,0.0477068462446566,4.311523386478866e-06
5983,자금관리,0.01,1,0.0477068462446566,4.311523386478866e-06
5984,종합소득세 부속서류 작성하기,0.01,1,0.0477068462446566,4.311523386478866e-06
5985,사무관련,0.01,1,0.0477068462446566,4.311523386478866e-06
5986,OEM,0.01,1,0.0477068462446566,4.311523386478866e-06
5987,신규 거래처 발굴,0.01,1,0.0477068462446566,4.311523386478866e-06
5988,생산계획 수립,0.01,1,0.0477068462446566,4.311523386478866e-06
5989,시설 관리,0.01,1,0.0477068462446566,4.311523386478866e-06
5990,검교정 관리,0.01,1,0.0477068462446566,4.311523386478866e-06
5991,현장 보조,0.01,1,0.0477068462446566,4.311523386478866e-06
5992,기장 업무,0.01,1,0.0477068462446566,4.311523386478866e-06
5993,자재창고,0.01,1,0.0477068462446566,4.311523386478866e-06
5994,품질관리자,0.01,1,0.0477068462446566,4.311523386478866e-06
5995,기계가공,0.01,1,0.0477068462446566,4.311523386478866e-06
5996,창호,0.01,1,0.0477068462446566,4.311523386478866e-06
5997,기타 관련 업무,0.01,1,0.0477068462446566,4.311523386478866e-06
5998,부가가치세신고하기,0.01,1,0.0477068462446566,4.311523386478866e-06
5999,운송업,0.01,1,0.0477068462446566,4.311523386478866e-06
6000,자재수급,0.01,1,0.0477068462446566,4.311523386478866e-06
6001,부자재 구매,0.01,1,0.0477068462446566,4.311523386478866e-06
6002,치수,0.01,1,0.0477068462446566,4.311523386478866e-06
6003,교육운영,0.01,1,0.0477068462446566,4.311523386478866e-06
6004,세척,0.01,1,0.0477068462446566,4.311523386478866e-06
6005,스케줄 관리,0.01,1,0.0477068462446566,4.311523386478866e-06
6006,부적합 관리,0.01,1,0.0477068462446566,4.311523386478866e-06
6007,부가가치세 부속서류 작성하기,0.01,1,0.0477068462446566,4.311523386478866e-06
6008,건설 현장,0.01,1,0.0477068462446566,4.311523386478866e-06
6009,소방안전관리,0.01,1,0.0477068462446566,4.311523386478866e-06
6010,경리 사무업무,0.01,1,0.0477068462446566,4.311523386478866e-06
6011,출발,0.01,1,0.0477068462446566,4.311523386478866e-06
6012,영업활동 자금계획하기,0.01,2,0.043652195163575,3.945082836826033e-06
6013,식자재 발주,0.01,2,0.043652195163575,3.945082836826033e-06
6014,투자사 보고서 작성,0.01,2,0.043652195163575,3.945082836826033e-06
6015,생산총괄계획 수립,0.01,2,0.043652195163575,3.945082836826033e-06
6016,자동화라인,0.01,2,0.043652195163575,3.945082836826033e-06
6017,운송배차,0.01,2,0.043652195163575,3.945082836826033e-06
6018,네트워크 설계,0.01,2,0.043652195163575,3.945082836826033e-06
6019,호이스트 사용,0.01,2,0.043652195163575,3.945082836826033e-06
6020,서비스 배,0.01,2,0.043652195163575,3.945082836826033e-06
6021,공정 설계하기,0.01,2,0.043652195163575,3.945082836826033e-06
6022,강의 보조,0.01,2,0.043652195163575,3.945082836826033e-06
6023,에너지관리기능사,0.01,2,0.043652195163575,3.945082836826033e-06
6024,MATLAB,0.01,2,0.043652195163575,3.945082836826033e-06
6025,앱 기획,0.01,2,0.043652195163575,3.945082836826033e-06
6026,RFID 자동화시스템 구축,0.01,2,0.043652195163575,3.945082836826033e-06
6027,MES 구축 개발,0.01,2,0.043652195163575,3.945082836826033e-06
6028,품질계획 수립하기,0.01,2,0.043652195163575,3.945082836826033e-06
6029,원단창고,0.01,2,0.043652195163575,3.945082836826033e-06
6030,대외활동,0.01,2,0.043652195163575,3.945082836826033e-06
6031,제품분류,0.01,2,0.043652195163575,3.945082836826033e-06
6032,원활한 커뮤니케이션 능력자,0.01,2,0.043652195163575,3.945082836826033e-06
6033,사급자재 관리,0.01,2,0.043652195163575,3.945082836826033e-06
6034,품질 데이터 관리,0.01,2,0.043652195163575,3.945082836826033e-06
6035,품질관리 사례분석 적용하기,0.01,2,0.043652195163575,3.945082836826033e-06
6036,일일정산,0.01,2,0.043652195163575,3.945082836826033e-06
6037,산업교육지원센터 연구직,0.01,2,0.043652195163575,3.945082836826033e-06
6038,ISO업무,0.01,2,0.043652195163575,3.945082836826033e-06
6039,대학 연구 관련 부서 유경험,0.01,2,0.043652195163575,3.945082836826033e-06
6040,펌웨어 구현,0.01,2,0.043652195163575,3.945082836826033e-06
6041,생산라인 관리,0.01,2,0.043652195163575,3.945082836826033e-06
6042,오라클 데이터 베이스 운영,0.01,2,0.043652195163575,3.945082836826033e-06
6043,ISMS,0.01,2,0.043652195163575,3.945082836826033e-06
6044,컴파운딩 경험,0.01,2,0.043652195163575,3.945082836826033e-06
6045,전기관리,0.01,2,0.043652195163575,3.945082836826033e-06
6046,종이발주,0.01,2,0.043652195163575,3.945082836826033e-06
6047,UX 구현하기,0.01,2,0.043652195163575,3.945082836826033e-06
6048,웹표준,0.01,2,0.043652195163575,3.945082836826033e-06
6049,해외 박람회,0.01,2,0.043652195163575,3.945082836826033e-06
6050,학사관리,0.01,2,0.043652195163575,3.945082836826033e-06
6051,교육 안내,0.01,2,0.043652195163575,3.945082836826033e-06
6052,APM,0.01,2,0.043652195163575,3.945082836826033e-06
6053,납품일정 조율,0.01,2,0.043652195163575,3.945082836826033e-06
6054,건축시공,0.01,2,0.043652195163575,3.945082836826033e-06
6055,물자 관리,0.01,2,0.043652195163575,3.945082836826033e-06
6056,기존 거래선 관리,0.01,2,0.043652195163575,3.945082836826033e-06
6057,간단한 사무 업무,0.01,2,0.043652195163575,3.945082836826033e-06
6058,BACK END,0.01,2,0.043652195163575,3.945082836826033e-06
6059,자재사무,0.01,2,0.043652195163575,3.945082836826033e-06
6060,부가세 신고 업무,0.01,2,0.043652195163575,3.945082836826033e-06
6061,비품 유지하기,0.01,2,0.043652195163575,3.945082836826033e-06
6062,프로세스 정립,0.01,2,0.043652195163575,3.945082836826033e-06
6063,콘크리트용 화학혼화제 품질관리,0.01,2,0.043652195163575,3.945082836826033e-06
6064,서류 복사,0.01,2,0.043652195163575,3.945082836826033e-06
6065,도면 이해,0.01,2,0.043652195163575,3.945082836826033e-06
6066,현장 진행,0.01,2,0.043652195163575,3.945082836826033e-06
6067,민원관리,0.01,2,0.043652195163575,3.945082836826033e-06
6068,일반 자재 구매,0.01,2,0.043652195163575,3.945082836826033e-06
6069,토목기사 자격증 소지자,0.01,2,0.043652195163575,3.945082836826033e-06
6070,요양보호사 자격증,0.01,2,0.043652195163575,3.945082836826033e-06
6071,연구기획,0.01,2,0.043652195163575,3.945082836826033e-06
6072,교포지원,0.01,2,0.043652195163575,3.945082836826033e-06
6073,기존고객관리,0.01,2,0.043652195163575,3.945082836826033e-06
6074,영어 문서작성,0.01,2,0.043652195163575,3.945082836826033e-06
6075,인공지능 학습,0.01,2,0.043652195163575,3.945082836826033e-06
6076,세무업무 총괄,0.01,2,0.043652195163575,3.945082836826033e-06
6077,무료직업소개 업무,0.01,2,0.043652195163575,3.945082836826033e-06
6078,입퇴사자 신고,0.01,2,0.043652195163575,3.945082836826033e-06
6079,통합심사,0.01,2,0.043652195163575,3.945082836826033e-06
6080,자재구입,0.01,2,0.043652195163575,3.945082836826033e-06
6081,외근가능,0.01,2,0.043652195163575,3.945082836826033e-06
6082,프론트 사무원,0.01,2,0.043652195163575,3.945082836826033e-06
6083,더존 회계프로그램 사용 가능자,0.01,2,0.043652195163575,3.945082836826033e-06
6084,의약품 입고,0.01,2,0.043652195163575,3.945082836826033e-06
6085,프로젝트 개발,0.01,2,0.043652195163575,3.945082836826033e-06
6086,고객 분석,0.01,2,0.043652195163575,3.945082836826033e-06
6087,음료 제조,0.01,2,0.043652195163575,3.945082836826033e-06
6088,노무비 신고,0.01,2,0.043652195163575,3.945082836826033e-06
6089,산업안전보건관리,0.01,2,0.043652195163575,3.945082836826033e-06
6090,협정관세 혜택받기,0.01,2,0.043652195163575,3.945082836826033e-06
6091,전기기사 자격,0.01,2,0.043652195163575,3.945082836826033e-06
6092,여신업무,0.01,2,0.043652195163575,3.945082836826033e-06
6093,PL 작성,0.01,2,0.043652195163575,3.945082836826033e-06
6094,정보보안 관리,0.01,2,0.043652195163575,3.945082836826033e-06
6095,경기진행,0.01,2,0.043652195163575,3.945082836826033e-06
6096,직업안정법,0.01,2,0.043652195163575,3.945082836826033e-06
6097,도서관리프로그램 구축,0.01,2,0.043652195163575,3.945082836826033e-06
6098,데이터분석,0.01,2,0.043652195163575,3.945082836826033e-06
6099,교육생 관리,0.01,2,0.043652195163575,3.945082836826033e-06
6100,유선상담,0.01,2,0.043652195163575,3.945082836826033e-06
6101,수출입 무역업무,0.01,2,0.043652195163575,3.945082836826033e-06
6102,원자재 수입,0.01,2,0.043652195163575,3.945082836826033e-06
6103,완제품 재고 관리,0.01,2,0.043652195163575,3.945082836826033e-06
6104,포토샾,0.01,2,0.043652195163575,3.945082836826033e-06
6105,개발품 품질관리,0.01,2,0.043652195163575,3.945082836826033e-06
6106,DT,0.01,2,0.043652195163575,3.945082836826033e-06
6107,수입 통관 업무,0.01,2,0.043652195163575,3.945082836826033e-06
6108,회원상담,0.01,2,0.043652195163575,3.945082836826033e-06
6109,NAC,0.01,2,0.043652195163575,3.945082836826033e-06
6110,해운대새일센터 채용대행,0.01,2,0.043652195163575,3.945082836826033e-06
6111,생산인력,0.01,2,0.043652195163575,3.945082836826033e-06
6112,인원배치,0.01,2,0.043652195163575,3.945082836826033e-06
6113,원재료 입출고 관리,0.01,2,0.043652195163575,3.945082836826033e-06
6114,홍보력,0.01,2,0.043652195163575,3.945082836826033e-06
6115,식자재 포장,0.01,2,0.043652195163575,3.945082836826033e-06
6116,협회 신고,0.01,2,0.043652195163575,3.945082836826033e-06
6117,데이타 입력,0.01,2,0.043652195163575,3.945082836826033e-06
6118,마케팅관리,0.01,2,0.043652195163575,3.945082836826033e-06
6119,식품 가공,0.01,2,0.043652195163575,3.945082836826033e-06
6120,사무실 서류,0.01,2,0.043652195163575,3.945082836826033e-06
6121,NC가공,0.01,2,0.043652195163575,3.945082836826033e-06
6122,진행관리,0.01,2,0.043652195163575,3.945082836826033e-06
6123,캠페인 기획,0.01,2,0.043652195163575,3.945082836826033e-06
6124,REACT,0.01,2,0.043652195163575,3.945082836826033e-06
6125,자재창고관리,0.01,2,0.043652195163575,3.945082836826033e-06
6126,미수금관리,0.01,2,0.043652195163575,3.945082836826033e-06
6127,캐드 도면 해독,0.01,2,0.043652195163575,3.945082836826033e-06
6128,항공 수출입,0.01,2,0.043652195163575,3.945082836826033e-06
6129,스티커 부착,0.01,2,0.043652195163575,3.945082836826033e-06
6130,IPT,0.01,2,0.043652195163575,3.945082836826033e-06
6131,창호 경력자,0.01,2,0.043652195163575,3.945082836826033e-06
6132,평생학습,0.01,2,0.043652195163575,3.945082836826033e-06
6133,델파이,0.01,2,0.043652195163575,3.945082836826033e-06
6134,배차보조,0.01,2,0.043652195163575,3.945082836826033e-06
6135,교육 지원,0.01,2,0.043652195163575,3.945082836826033e-06
6136,SNS 채널 관리,0.01,2,0.043652195163575,3.945082836826033e-06
6137,유입,0.01,2,0.043652195163575,3.945082836826033e-06
6138,E나라도움,0.01,2,0.043652195163575,3.945082836826033e-06
6139,웹개발,0.01,2,0.043652195163575,3.945082836826033e-06
6140,해상 수입,0.01,2,0.043652195163575,3.945082836826033e-06
6141,캠프,0.01,2,0.043652195163575,3.945082836826033e-06
6142,콘크리트 제품 제조,0.01,2,0.043652195163575,3.945082836826033e-06
6143,기본 사무 업무,0.01,2,0.043652195163575,3.945082836826033e-06
6144,SNS 활용,0.01,2,0.043652195163575,3.945082836826033e-06
6145,창고 업무,0.01,2,0.043652195163575,3.945082836826033e-06
6146,라이노,0.01,2,0.043652195163575,3.945082836826033e-06
6147,보세사,0.01,2,0.043652195163575,3.945082836826033e-06
6148,세무사랑 사용가능자,0.01,2,0.043652195163575,3.945082836826033e-06
6149,보증수리,0.01,2,0.043652195163575,3.945082836826033e-06
6150,팀워크,0.01,2,0.043652195163575,3.945082836826033e-06
6151,검수 업무,0.01,2,0.043652195163575,3.945082836826033e-06
6152,상세페이지 디자인,0.01,2,0.043652195163575,3.945082836826033e-06
6153,블로그 운영,0.01,2,0.043652195163575,3.945082836826033e-06
6154,직업상담사1급,0.01,2,0.043652195163575,3.945082836826033e-06
6155,백엔드 개발,0.01,2,0.043652195163575,3.945082836826033e-06
6156,희망이음,0.01,2,0.043652195163575,3.945082836826033e-06
6157,온오프라인 홍보,0.01,2,0.043652195163575,3.945082836826033e-06
6158,생산 수율 관리,0.01,2,0.043652195163575,3.945082836826033e-06
6159,위생 관리,0.01,2,0.043652195163575,3.945082836826033e-06
6160,도면 설계,0.01,2,0.043652195163575,3.945082836826033e-06
6161,수출 업무,0.01,2,0.043652195163575,3.945082836826033e-06
6162,HMI,0.01,2,0.043652195163575,3.945082836826033e-06
6163,침구,0.01,2,0.043652195163575,3.945082836826033e-06
6164,더존 위하고 사용,0.01,2,0.043652195163575,3.945082836826033e-06
6165,기계조작,0.01,2,0.043652195163575,3.945082836826033e-06
6166,예산관리,0.01,2,0.043652195163575,3.945082836826033e-06
6167,마케팅 경험,0.01,2,0.043652195163575,3.945082836826033e-06
6168,불출관리,0.01,2,0.043652195163575,3.945082836826033e-06
6169,세금계산서 매입매출,0.01,2,0.043652195163575,3.945082836826033e-06
6170,생산 인원 관리,0.01,2,0.043652195163575,3.945082836826033e-06
6171,시설물 관리,0.01,2,0.043652195163575,3.945082836826033e-06
6172,건설 사무업무,0.01,2,0.043652195163575,3.945082836826033e-06
6173,품질 관리자,0.01,2,0.043652195163575,3.945082836826033e-06
6174,박람회 참가,0.01,2,0.043652195163575,3.945082836826033e-06
6175,비서업무,0.01,2,0.043652195163575,3.945082836826033e-06
6176,3D CAD 가능자,0.01,2,0.043652195163575,3.945082836826033e-06
6177,청구서 작성,0.01,2,0.043652195163575,3.945082836826033e-06
6178,매출 관리 업무,0.01,2,0.043652195163575,3.945082836826033e-06
6179,프론트 업무,0.01,2,0.043652195163575,3.945082836826033e-06
6180,근로자직업능력개발법,0.01,2,0.043652195163575,3.945082836826033e-06
6181,자차 출근 가능자,0.01,2,0.043652195163575,3.945082836826033e-06
6182,기존 거래처 관리,0.01,2,0.043652195163575,3.945082836826033e-06
6183,공문관리,0.01,2,0.043652195163575,3.945082836826033e-06
6184,사무업무 지원,0.01,2,0.043652195163575,3.945082836826033e-06
6185,매출 입력,0.01,2,0.043652195163575,3.945082836826033e-06
6186,기술직,0.01,2,0.043652195163575,3.945082836826033e-06
6187,금융기관,0.01,2,0.043652195163575,3.945082836826033e-06
6188,조사분석,0.01,2,0.043652195163575,3.945082836826033e-06
6189,PC작업,0.01,2,0.043652195163575,3.945082836826033e-06
6190,매출처 마감,0.01,2,0.043652195163575,3.945082836826033e-06
6191,자료 전달,0.01,2,0.043652195163575,3.945082836826033e-06
6192,정리하는,0.01,2,0.043652195163575,3.945082836826033e-06
6193,프레스 금형,0.01,2,0.043652195163575,3.945082836826033e-06
6194,납품 배송,0.01,2,0.043652195163575,3.945082836826033e-06
6195,개인 결산,0.01,2,0.043652195163575,3.945082836826033e-06
6196,고객안내,0.01,2,0.043652195163575,3.945082836826033e-06
6197,법인차량,0.01,2,0.043652195163575,3.945082836826033e-06
6198,PAYROLL,0.01,2,0.043652195163575,3.945082836826033e-06
6199,개발업무,0.01,2,0.043652195163575,3.945082836826033e-06
6200,인원 수급,0.01,2,0.043652195163575,3.945082836826033e-06
6201,견적서 관리,0.01,2,0.043652195163575,3.945082836826033e-06
6202,법인사업자,0.01,2,0.043652195163575,3.945082836826033e-06
6203,전기안전관리,0.01,2,0.043652195163575,3.945082836826033e-06
6204,네트워크 구축,0.01,2,0.043652195163575,3.945082836826033e-06
6205,적합 여부 판정하기,0.01,2,0.043652195163575,3.945082836826033e-06
6206,교육계획,0.01,2,0.043652195163575,3.945082836826033e-06
6207,현장조사,0.01,2,0.043652195163575,3.945082836826033e-06
6208,고용산재,0.01,2,0.043652195163575,3.945082836826033e-06
6209,생산성 관리,0.01,2,0.043652195163575,3.945082836826033e-06
6210,ERP 전산 프로그램,0.01,2,0.043652195163575,3.945082836826033e-06
6211,화학 전공자,0.01,2,0.043652195163575,3.945082836826033e-06
6212,시행사,0.01,2,0.043652195163575,3.945082836826033e-06
6213,품질관리기사,0.01,2,0.043652195163575,3.945082836826033e-06
6214,하수관로,0.01,2,0.043652195163575,3.945082836826033e-06
6215,회계사무실 경력,0.01,2,0.043652195163575,3.945082836826033e-06
6216,세관,0.01,2,0.043652195163575,3.945082836826033e-06
6217,견적관리,0.01,2,0.043652195163575,3.945082836826033e-06
6218,WORD,0.01,2,0.043652195163575,3.945082836826033e-06
6219,학생모집,0.01,2,0.043652195163575,3.945082836826033e-06
6220,금속창호,0.01,2,0.043652195163575,3.945082836826033e-06
6221,지출관리,0.01,2,0.043652195163575,3.945082836826033e-06
6222,3정5S,0.01,2,0.043652195163575,3.945082836826033e-06
6223,전화영업,0.01,2,0.043652195163575,3.945082836826033e-06
6224,공장자동화,0.01,2,0.043652195163575,3.945082836826033e-06
6225,전반적 관리,0.01,2,0.043652195163575,3.945082836826033e-06
6226,공장장,0.01,2,0.043652195163575,3.945082836826033e-06
6227,세무사랑 사용,0.01,2,0.043652195163575,3.945082836826033e-06
6228,무역사무,0.01,2,0.043652195163575,3.945082836826033e-06
6229,토지,0.01,2,0.043652195163575,3.945082836826033e-06
6230,정리 작업,0.01,2,0.043652195163575,3.945082836826033e-06
6231,신규거래처 발굴,0.01,2,0.043652195163575,3.945082836826033e-06
6232,발주서 입력,0.01,2,0.043652195163575,3.945082836826033e-06
6233,작업자 관리,0.01,2,0.043652195163575,3.945082836826033e-06
6234,근로소득 연말정산하기,0.01,2,0.043652195163575,3.945082836826033e-06
6235,미생물 실험,0.01,2,0.043652195163575,3.945082836826033e-06
6236,생산품 품질관리,0.01,2,0.043652195163575,3.945082836826033e-06
6237,해상,0.01,2,0.043652195163575,3.945082836826033e-06
6238,법인세신고하기,0.01,2,0.043652195163575,3.945082836826033e-06
6239,진공,0.01,2,0.043652195163575,3.945082836826033e-06
6240,치과 코디네이터,0.01,2,0.043652195163575,3.945082836826033e-06
6241,CNC선반,0.01,2,0.043652195163575,3.945082836826033e-06
6242,입퇴사 관리,0.01,2,0.043652195163575,3.945082836826033e-06
6243,예술,0.01,2,0.043652195163575,3.945082836826033e-06
6244,실무자,0.01,2,0.043652195163575,3.945082836826033e-06
6245,포장 관리,0.01,2,0.043652195163575,3.945082836826033e-06
6246,제품 입출고 업무,0.01,2,0.043652195163575,3.945082836826033e-06
6247,상품 포장,0.01,2,0.043652195163575,3.945082836826033e-06
6248,홍보 관련 업무,0.01,2,0.043652195163575,3.945082836826033e-06
6249,객실청소,0.01,2,0.043652195163575,3.945082836826033e-06
6250,조출,0.01,2,0.043652195163575,3.945082836826033e-06
6251,자체기장,0.01,2,0.043652195163575,3.945082836826033e-06
6252,사업계획서 작성,0.01,2,0.043652195163575,3.945082836826033e-06
6253,전화접수,0.01,2,0.043652195163575,3.945082836826033e-06
6254,기타사무업무,0.01,2,0.043652195163575,3.945082836826033e-06
6255,소득세 신고,0.01,2,0.043652195163575,3.945082836826033e-06
6256,재단,0.01,2,0.043652195163575,3.945082836826033e-06
6257,법인 개인 결산,0.01,2,0.043652195163575,3.945082836826033e-06
6258,결산업무,0.01,2,0.043652195163575,3.945082836826033e-06
6259,도면해독,0.01,2,0.043652195163575,3.945082836826033e-06
6260,법인결산,0.01,2,0.043652195163575,3.945082836826033e-06
6261,근로계약서,0.01,2,0.043652195163575,3.945082836826033e-06
6262,가스관련 자격증,0.01,2,0.043652195163575,3.945082836826033e-06
6263,섭외,0.01,2,0.043652195163575,3.945082836826033e-06
6264,자차운전,0.01,2,0.043652195163575,3.945082836826033e-06
6265,식품위생,0.01,2,0.043652195163575,3.945082836826033e-06
6266,캐드도면,0.01,2,0.043652195163575,3.945082836826033e-06
6267,고객문의 응대,0.01,2,0.043652195163575,3.945082836826033e-06
6268,건설 업무,0.01,2,0.043652195163575,3.945082836826033e-06
6269,도면해석,0.01,2,0.043652195163575,3.945082836826033e-06
6270,기타 업무지원,0.01,2,0.043652195163575,3.945082836826033e-06
6271,계약체결,0.01,2,0.043652195163575,3.945082836826033e-06
6272,해외영업,0.01,2,0.043652195163575,3.945082836826033e-06
6273,생산 계획 수립,0.01,2,0.043652195163575,3.945082836826033e-06
6274,행정 사무,0.01,2,0.043652195163575,3.945082836826033e-06
6275,직원 입,0.01,2,0.043652195163575,3.945082836826033e-06
6276,자사몰,0.01,2,0.043652195163575,3.945082836826033e-06
6277,근무자 모집,0.01,2,0.043652195163575,3.945082836826033e-06
6278,회계사무실 근무,0.01,2,0.043652195163575,3.945082836826033e-06
6279,프론트,0.01,2,0.043652195163575,3.945082836826033e-06
6280,생산 스케줄,0.01,2,0.043652195163575,3.945082836826033e-06
6281,지게차 가능자,0.01,2,0.043652195163575,3.945082836826033e-06
6282,세무신고 업무,0.01,2,0.043652195163575,3.945082836826033e-06
6283,입퇴사자 서류관리,0.01,2,0.043652195163575,3.945082836826033e-06
6284,사무능력,0.01,2,0.043652195163575,3.945082836826033e-06
6285,수출입 관련 업무,0.01,2,0.043652195163575,3.945082836826033e-06
6286,입퇴사자 관리,0.01,2,0.043652195163575,3.945082836826033e-06
6287,교육관리,0.01,2,0.043652195163575,3.945082836826033e-06
6288,대리석,0.01,2,0.043652195163575,3.945082836826033e-06
6289,3차원측정기,0.01,2,0.043652195163575,3.945082836826033e-06
6290,매칭,0.01,2,0.043652195163575,3.945082836826033e-06
6291,대관업,0.01,2,0.043652195163575,3.945082836826033e-06
6292,일반 사무관리,0.01,2,0.043652195163575,3.945082836826033e-06
6293,사무직 경력,0.01,2,0.043652195163575,3.945082836826033e-06
6294,세무회계사무소,0.01,2,0.043652195163575,3.945082836826033e-06
6295,하역,0.01,2,0.043652195163575,3.945082836826033e-06
6296,제증명,0.01,2,0.043652195163575,3.945082836826033e-06
6297,복무,0.01,2,0.043652195163575,3.945082836826033e-06
6298,공사관리,0.01,2,0.043652195163575,3.945082836826033e-06
6299,마감관리,0.01,2,0.043652195163575,3.945082836826033e-06
6300,수납 업무,0.01,2,0.043652195163575,3.945082836826033e-06
6301,관리비 부과,0.01,2,0.043652195163575,3.945082836826033e-06
6302,취업성공패키지,0.01,2,0.043652195163575,3.945082836826033e-06
6303,세무조정,0.01,2,0.043652195163575,3.945082836826033e-06
6304,총무 관련 업무,0.01,2,0.043652195163575,3.945082836826033e-06
6305,상실신고,0.01,2,0.043652195163575,3.945082836826033e-06
6306,건설업 입찰,0.01,2,0.043652195163575,3.945082836826033e-06
6307,인원 관리,0.01,2,0.043652195163575,3.945082836826033e-06
6308,건설공무,0.01,2,0.043652195163575,3.945082836826033e-06
6309,HACCP,0.01,2,0.043652195163575,3.945082836826033e-06
6310,불출,0.01,2,0.043652195163575,3.945082836826033e-06
6311,쇼핑몰 관리,0.01,2,0.043652195163575,3.945082836826033e-06
6312,에너지,0.01,2,0.043652195163575,3.945082836826033e-06
6313,지게차 자격증,0.01,2,0.043652195163575,3.945082836826033e-06
6314,협력사 관리,0.01,2,0.043652195163575,3.945082836826033e-06
6315,성능시험,0.01,2,0.043652195163575,3.945082836826033e-06
6316,창고 입출고,0.01,2,0.043652195163575,3.945082836826033e-06
6317,조직,0.01,2,0.043652195163575,3.945082836826033e-06
6318,외주 관리,0.01,2,0.043652195163575,3.945082836826033e-06
6319,캠핑,0.01,2,0.043652195163575,3.945082836826033e-06
6320,이카운트 사용,0.01,2,0.043652195163575,3.945082836826033e-06
6321,조리,0.01,2,0.043652195163575,3.945082836826033e-06
6322,자차 소유,0.01,2,0.043652195163575,3.945082836826033e-06
6323,봉제,0.01,2,0.043652195163575,3.945082836826033e-06
6324,세무사 사무실 경력,0.01,2,0.043652195163575,3.945082836826033e-06
6325,인증관리,0.01,2,0.043652195163575,3.945082836826033e-06
6326,대관업무,0.01,2,0.043652195163575,3.945082836826033e-06
6327,감정,0.01,2,0.043652195163575,3.945082836826033e-06
6328,신고대리,0.01,2,0.043652195163575,3.945082836826033e-06
6329,4대보험 취득상실,0.01,2,0.043652195163575,3.945082836826033e-06
6330,문서작성능력,0.01,2,0.043652195163575,3.945082836826033e-06
6331,장부작성,0.01,2,0.043652195163575,3.945082836826033e-06
6332,공무 업무,0.01,2,0.043652195163575,3.945082836826033e-06
6333,AUTO CAD,0.01,2,0.043652195163575,3.945082836826033e-06
6334,예약실,0.01,2,0.043652195163575,3.945082836826033e-06
6335,택배 업무,0.01,2,0.043652195163575,3.945082836826033e-06
6336,출하준비,0.01,2,0.043652195163575,3.945082836826033e-06
6337,감정평가,0.01,2,0.043652195163575,3.945082836826033e-06
6338,재고 파악,0.01,2,0.043652195163575,3.945082836826033e-06
6339,경리 회계 업무,0.01,2,0.043652195163575,3.945082836826033e-06
6340,매입매출 정리,0.01,2,0.043652195163575,3.945082836826033e-06
6341,회원관리,0.01,2,0.043652195163575,3.945082836826033e-06
6342,종합소득세 신고,0.01,2,0.043652195163575,3.945082836826033e-06
6343,택배 포장,0.01,2,0.043652195163575,3.945082836826033e-06
6344,캐드작업,0.01,2,0.043652195163575,3.945082836826033e-06
6345,보고서 작성,0.01,2,0.043652195163575,3.945082836826033e-06
6346,경리 업무 전반,0.01,2,0.043652195163575,3.945082836826033e-06
6347,제품포장,0.01,2,0.043652195163575,3.945082836826033e-06
6348,지게차운전,0.01,2,0.043652195163575,3.945082836826033e-06
6349,열처리,0.01,2,0.043652195163575,3.945082836826033e-06
6350,세무사랑,0.01,2,0.043652195163575,3.945082836826033e-06
6351,컴퓨터 가능자,0.01,2,0.043652195163575,3.945082836826033e-06
6352,공정관리,0.01,2,0.043652195163575,3.945082836826033e-06
6353,창고 입,0.01,2,0.043652195163575,3.945082836826033e-06
6354,GO,0.01,2,0.043652195163575,3.945082836826033e-06
6355,기타 영업지원,0.01,2,0.043652195163575,3.945082836826033e-06
6356,성적서 발행,0.01,2,0.043652195163575,3.945082836826033e-06
6357,세무관리,0.01,2,0.043652195163575,3.945082836826033e-06
6358,세무회계 업무,0.01,2,0.043652195163575,3.945082836826033e-06
6359,기타 자격증,0.01,2,0.043652195163575,3.945082836826033e-06
6360,지게차 운행,0.01,2,0.043652195163575,3.945082836826033e-06
6361,법인세신고,0.01,2,0.043652195163575,3.945082836826033e-06
6362,SNS,0.01,2,0.043652195163575,3.945082836826033e-06
6363,품질개선,0.01,2,0.043652195163575,3.945082836826033e-06
6364,제품개발,0.01,2,0.043652195163575,3.945082836826033e-06
6365,부품 수입,0.01,2,0.043652195163575,3.945082836826033e-06
6366,포딩,0.01,3,0.0407753744390571,3.685089129238304e-06
6367,품질관리 매뉴얼 작성하기,0.01,3,0.0407753744390571,3.685089129238304e-06
6368,자재 출하,0.01,3,0.0407753744390571,3.685089129238304e-06
6369,SHELL,0.01,3,0.0407753744390571,3.685089129238304e-06
6370,인사제도,0.01,3,0.0407753744390571,3.685089129238304e-06
6371,SLAM,0.01,3,0.0407753744390571,3.685089129238304e-06
6372,GOOGLE CLOUD,0.01,3,0.0407753744390571,3.685089129238304e-06
6373,컨시어지,0.01,3,0.0407753744390571,3.685089129238304e-06
6374,생산설비 관리,0.01,3,0.0407753744390571,3.685089129238304e-06
6375,UI 구현,0.01,3,0.0407753744390571,3.685089129238304e-06
6376,영어 이메일,0.01,3,0.0407753744390571,3.685089129238304e-06
6377,미화 관리,0.01,3,0.0407753744390571,3.685089129238304e-06
6378,각종인증업무,0.01,3,0.0407753744390571,3.685089129238304e-06
6379,공사진척 관리하기,0.01,3,0.0407753744390571,3.685089129238304e-06
6380,STM32,0.01,3,0.0407753744390571,3.685089129238304e-06
6381,공사계약,0.01,3,0.0407753744390571,3.685089129238304e-06
6382,브랜드마케팅,0.01,3,0.0407753744390571,3.685089129238304e-06
6383,연구소 관리,0.01,3,0.0407753744390571,3.685089129238304e-06
6384,규격인증,0.01,3,0.0407753744390571,3.685089129238304e-06
6385,더존프로그램 사용가능자,0.01,3,0.0407753744390571,3.685089129238304e-06
6386,선원관리,0.01,3,0.0407753744390571,3.685089129238304e-06
6387,예약업무하기,0.01,3,0.0407753744390571,3.685089129238304e-06
6388,년 결산,0.01,3,0.0407753744390571,3.685089129238304e-06
6389,수출마케팅,0.01,3,0.0407753744390571,3.685089129238304e-06
6390,STL,0.01,3,0.0407753744390571,3.685089129238304e-06
6391,재고실사하기,0.01,3,0.0407753744390571,3.685089129238304e-06
6392,안내 업무,0.01,3,0.0407753744390571,3.685089129238304e-06
6393,국내 거래처 관리,0.01,3,0.0407753744390571,3.685089129238304e-06
6394,신용평가,0.01,3,0.0407753744390571,3.685089129238304e-06
6395,통솔,0.01,3,0.0407753744390571,3.685089129238304e-06
6396,윈도우즈,0.01,3,0.0407753744390571,3.685089129238304e-06
6397,LMS,0.01,3,0.0407753744390571,3.685089129238304e-06
6398,납품영업,0.01,3,0.0407753744390571,3.685089129238304e-06
6399,원부재료 관리,0.01,3,0.0407753744390571,3.685089129238304e-06
6400,라즈베리파이,0.01,3,0.0407753744390571,3.685089129238304e-06
6401,시험업무,0.01,3,0.0407753744390571,3.685089129238304e-06
6402,외관 검사하기,0.01,3,0.0407753744390571,3.685089129238304e-06
6403,캐드사용가능,0.01,3,0.0407753744390571,3.685089129238304e-06
6404,GITHUB,0.01,3,0.0407753744390571,3.685089129238304e-06
6405,출퇴근 관리,0.01,3,0.0407753744390571,3.685089129238304e-06
6406,사업보고서 작성,0.01,3,0.0407753744390571,3.685089129238304e-06
6407,원재료 관리,0.01,3,0.0407753744390571,3.685089129238304e-06
6408,고객유지전략 이행,0.01,3,0.0407753744390571,3.685089129238304e-06
6409,농약,0.01,3,0.0407753744390571,3.685089129238304e-06
6410,월간계획,0.01,3,0.0407753744390571,3.685089129238304e-06
6411,건축설계,0.01,3,0.0407753744390571,3.685089129238304e-06
6412,매입매출마감,0.01,3,0.0407753744390571,3.685089129238304e-06
6413,고객 정보 관리,0.01,3,0.0407753744390571,3.685089129238304e-06
6414,AUDIT 대응,0.01,3,0.0407753744390571,3.685089129238304e-06
6415,상품포장,0.01,3,0.0407753744390571,3.685089129238304e-06
6416,키워드 광고,0.01,3,0.0407753744390571,3.685089129238304e-06
6417,카피라이터,0.01,3,0.0407753744390571,3.685089129238304e-06
6418,직업상담사2급,0.01,3,0.0407753744390571,3.685089129238304e-06
6419,오피스텔 관리,0.01,3,0.0407753744390571,3.685089129238304e-06
6420,매출 거래명세서 작성,0.01,3,0.0407753744390571,3.685089129238304e-06
6421,회계 관련 전공,0.01,3,0.0407753744390571,3.685089129238304e-06
6422,자료수집,0.01,3,0.0407753744390571,3.685089129238304e-06
6423,생산현장 관리,0.01,3,0.0407753744390571,3.685089129238304e-06
6424,서류발급,0.01,3,0.0407753744390571,3.685089129238304e-06
6425,차량 출고,0.01,3,0.0407753744390571,3.685089129238304e-06
6426,메시지 전달하기,0.01,3,0.0407753744390571,3.685089129238304e-06
6427,퇴직연금 관리,0.01,3,0.0407753744390571,3.685089129238304e-06
6428,C# 개발자,0.01,3,0.0407753744390571,3.685089129238304e-06
6429,선적서류 작성,0.01,3,0.0407753744390571,3.685089129238304e-06
6430,웹 개발,0.01,3,0.0407753744390571,3.685089129238304e-06
6431,소셜커머스,0.01,3,0.0407753744390571,3.685089129238304e-06
6432,스마트폰,0.01,3,0.0407753744390571,3.685089129238304e-06
6433,고객시스템 장애 처리하기,0.01,3,0.0407753744390571,3.685089129238304e-06
6434,건설업 경리,0.01,3,0.0407753744390571,3.685089129238304e-06
6435,운전경력,0.01,3,0.0407753744390571,3.685089129238304e-06
6436,경영진 부재 중 응대하기,0.01,3,0.0407753744390571,3.685089129238304e-06
6437,SNS 마케팅,0.01,3,0.0407753744390571,3.685089129238304e-06
6438,예약상담,0.01,3,0.0407753744390571,3.685089129238304e-06
6439,PACKING,0.01,3,0.0407753744390571,3.685089129238304e-06
6440,교육 진행,0.01,3,0.0407753744390571,3.685089129238304e-06
6441,MICE,0.01,3,0.0407753744390571,3.685089129238304e-06
6442,인터넷 뱅킹,0.01,3,0.0407753744390571,3.685089129238304e-06
6443,빅데이터,0.01,3,0.0407753744390571,3.685089129238304e-06
6444,미수관리,0.01,3,0.0407753744390571,3.685089129238304e-06
6445,JAVASCRIPT,0.01,3,0.0407753744390571,3.685089129238304e-06
6446,생산인원,0.01,3,0.0407753744390571,3.685089129238304e-06
6447,본사 관리,0.01,3,0.0407753744390571,3.685089129238304e-06
6448,컴퓨터 자,0.01,3,0.0407753744390571,3.685089129238304e-06
6449,위험물,0.01,3,0.0407753744390571,3.685089129238304e-06
6450,온라인 영업,0.01,3,0.0407753744390571,3.685089129238304e-06
6451,딥러닝,0.01,3,0.0407753744390571,3.685089129238304e-06
6452,HTML,0.01,3,0.0407753744390571,3.685089129238304e-06
6453,생산스케줄,0.01,3,0.0407753744390571,3.685089129238304e-06
6454,생산 현장 관리,0.01,3,0.0407753744390571,3.685089129238304e-06
6455,직업상담사 자격증,0.01,3,0.0407753744390571,3.685089129238304e-06
6456,산지유통,0.01,3,0.0407753744390571,3.685089129238304e-06
6457,영상 촬영,0.01,3,0.0407753744390571,3.685089129238304e-06
6458,식품원료,0.01,3,0.0407753744390571,3.685089129238304e-06
6459,장류,0.01,3,0.0407753744390571,3.685089129238304e-06
6460,지게차운전기능사,0.01,3,0.0407753744390571,3.685089129238304e-06
6461,건축공사업,0.01,3,0.0407753744390571,3.685089129238304e-06
6462,현장 생산관리,0.01,3,0.0407753744390571,3.685089129238304e-06
6463,건축 초급,0.01,3,0.0407753744390571,3.685089129238304e-06
6464,종합소득세신고하기,0.01,3,0.0407753744390571,3.685089129238304e-06
6465,자동차 부품 생산,0.01,3,0.0407753744390571,3.685089129238304e-06
6466,SNS마케팅,0.01,3,0.0407753744390571,3.685089129238304e-06
6467,수납관리,0.01,3,0.0407753744390571,3.685089129238304e-06
6468,신고대행,0.01,3,0.0407753744390571,3.685089129238304e-06
6469,공사 시공,0.01,3,0.0407753744390571,3.685089129238304e-06
6470,행사 관리,0.01,3,0.0407753744390571,3.685089129238304e-06
6471,사회적기업,0.01,3,0.0407753744390571,3.685089129238304e-06
6472,최적화,0.01,3,0.0407753744390571,3.685089129238304e-06
6473,안전교육,0.01,3,0.0407753744390571,3.685089129238304e-06
6474,제조업 생산관리,0.01,3,0.0407753744390571,3.685089129238304e-06
6475,프런트,0.01,3,0.0407753744390571,3.685089129238304e-06
6476,환경업무,0.01,3,0.0407753744390571,3.685089129238304e-06
6477,생산량,0.01,3,0.0407753744390571,3.685089129238304e-06
6478,MCT 가공,0.01,3,0.0407753744390571,3.685089129238304e-06
6479,관리자 경력,0.01,3,0.0407753744390571,3.685089129238304e-06
6480,사대보험관리,0.01,3,0.0407753744390571,3.685089129238304e-06
6481,기타 업무 지원,0.01,3,0.0407753744390571,3.685089129238304e-06
6482,3톤미만지게차,0.01,3,0.0407753744390571,3.685089129238304e-06
6483,상품 재고,0.01,3,0.0407753744390571,3.685089129238304e-06
6484,스토어팜,0.01,3,0.0407753744390571,3.685089129238304e-06
6485,스케치업,0.01,3,0.0407753744390571,3.685089129238304e-06
6486,수출입 통관,0.01,3,0.0407753744390571,3.685089129238304e-06
6487,각종 세금신고,0.01,3,0.0407753744390571,3.685089129238304e-06
6488,자재 조달,0.01,3,0.0407753744390571,3.685089129238304e-06
6489,지방세,0.01,3,0.0407753744390571,3.685089129238304e-06
6490,징수,0.01,3,0.0407753744390571,3.685089129238304e-06
6491,관공서 서류 작성,0.01,3,0.0407753744390571,3.685089129238304e-06
6492,개인사업자,0.01,3,0.0407753744390571,3.685089129238304e-06
6493,건축자재,0.01,3,0.0407753744390571,3.685089129238304e-06
6494,MCT,0.01,3,0.0407753744390571,3.685089129238304e-06
6495,고객사 응대,0.01,3,0.0407753744390571,3.685089129238304e-06
6496,회계 자격증,0.01,3,0.0407753744390571,3.685089129238304e-06
6497,인터넷 쇼핑몰,0.01,3,0.0407753744390571,3.685089129238304e-06
6498,세금계산서 발급·수취하기,0.01,3,0.0407753744390571,3.685089129238304e-06
6499,생산 관리자,0.01,3,0.0407753744390571,3.685089129238304e-06
6500,장비 관리,0.01,3,0.0407753744390571,3.685089129238304e-06
6501,장부관리,0.01,3,0.0407753744390571,3.685089129238304e-06
6502,재고 조사,0.01,3,0.0407753744390571,3.685089129238304e-06
6503,손님응대,0.01,3,0.0407753744390571,3.685089129238304e-06
6504,건설업 경력,0.01,3,0.0407753744390571,3.685089129238304e-06
6505,부품 포장,0.01,3,0.0407753744390571,3.685089129238304e-06
6506,초급기술자,0.01,3,0.0407753744390571,3.685089129238304e-06
6507,자동화 설비,0.01,3,0.0407753744390571,3.685089129238304e-06
6508,계약 관리,0.01,3,0.0407753744390571,3.685089129238304e-06
6509,계약 체결,0.01,3,0.0407753744390571,3.685089129238304e-06
6510,급여업무,0.01,3,0.0407753744390571,3.685089129238304e-06
6511,부수업무,0.01,3,0.0407753744390571,3.685089129238304e-06
6512,품질경영,0.01,3,0.0407753744390571,3.685089129238304e-06
6513,산업공학,0.01,3,0.0407753744390571,3.685089129238304e-06
6514,작업관리,0.01,3,0.0407753744390571,3.685089129238304e-06
6515,기장대리,0.01,3,0.0407753744390571,3.685089129238304e-06
6516,생산일정,0.01,3,0.0407753744390571,3.685089129238304e-06
6517,기타서류,0.01,3,0.0407753744390571,3.685089129238304e-06
6518,1종보통 운전면허,0.01,3,0.0407753744390571,3.685089129238304e-06
6519,재무회계,0.01,3,0.0407753744390571,3.685089129238304e-06
6520,납품 업무,0.01,3,0.0407753744390571,3.685089129238304e-06
6521,지게차운전가능자,0.01,3,0.0407753744390571,3.685089129238304e-06
6522,EXCEL 사용,0.01,3,0.0407753744390571,3.685089129238304e-06
6523,원가계산,0.01,3,0.0407753744390571,3.685089129238304e-06
6524,소방안전관리자,0.01,3,0.0407753744390571,3.685089129238304e-06
6525,품질대응,0.01,3,0.0407753744390571,3.685089129238304e-06
6526,밸브,0.01,3,0.0407753744390571,3.685089129238304e-06
6527,통상,0.01,3,0.0407753744390571,3.685089129238304e-06
6528,제품 관리,0.01,3,0.0407753744390571,3.685089129238304e-06
6529,중국어 가능자,0.01,3,0.0407753744390571,3.685089129238304e-06
6530,계약업무,0.01,3,0.0407753744390571,3.685089129238304e-06
6531,원천세신고,0.01,3,0.0407753744390571,3.685089129238304e-06
6532,사업 기획,0.01,3,0.0407753744390571,3.685089129238304e-06
6533,외주업체 관리,0.01,3,0.0407753744390571,3.685089129238304e-06
6534,매출처,0.01,3,0.0407753744390571,3.685089129238304e-06
6535,제품 검수,0.01,3,0.0407753744390571,3.685089129238304e-06
6536,제품 재고 관리,0.01,3,0.0407753744390571,3.685089129238304e-06
6537,자재납품,0.01,3,0.0407753744390571,3.685089129238304e-06
6538,근태 관리,0.01,3,0.0407753744390571,3.685089129238304e-06
6539,시행,0.01,3,0.0407753744390571,3.685089129238304e-06
6540,세무사사무실,0.01,3,0.0407753744390571,3.685089129238304e-06
6541,배달,0.01,3,0.0407753744390571,3.685089129238304e-06
6542,국제,0.01,3,0.0407753744390571,3.685089129238304e-06
6543,회계관련 자격증,0.01,3,0.0407753744390571,3.685089129238304e-06
6544,시설관리,0.01,3,0.0407753744390571,3.685089129238304e-06
6545,부자재 입고,0.01,3,0.0407753744390571,3.685089129238304e-06
6546,생산공정,0.01,3,0.0407753744390571,3.685089129238304e-06
6547,더존프로그램,0.01,3,0.0407753744390571,3.685089129238304e-06
6548,법인세,0.01,3,0.0407753744390571,3.685089129238304e-06
6549,ERP 프로그램,0.01,3,0.0407753744390571,3.685089129238304e-06
6550,현장 품질관리,0.01,3,0.0407753744390571,3.685089129238304e-06
6551,발주서 관리,0.01,3,0.0407753744390571,3.685089129238304e-06
6552,엑셀 능숙자,0.01,3,0.0407753744390571,3.685089129238304e-06
6553,고객사 업무대응,0.01,3,0.0407753744390571,3.685089129238304e-06
6554,생산관리 업무,0.01,3,0.0407753744390571,3.685089129238304e-06
6555,마감업무,0.01,3,0.0407753744390571,3.685089129238304e-06
6556,부가세 신고,0.01,3,0.0407753744390571,3.685089129238304e-06
6557,입퇴사자,0.01,3,0.0407753744390571,3.685089129238304e-06
6558,생산직,0.01,3,0.0407753744390571,3.685089129238304e-06
6559,부가세,0.01,3,0.0407753744390571,3.685089129238304e-06
6560,자재 입출고 관리,0.01,3,0.0407753744390571,3.685089129238304e-06
6561,매장관리,0.01,3,0.0407753744390571,3.685089129238304e-06
6562,성적서 작성,0.01,3,0.0407753744390571,3.685089129238304e-06
6563,간단한 서류 작성,0.01,4,0.038543938925915,3.483422342232671e-06
6564,건설현장 관리,0.01,4,0.038543938925915,3.483422342232671e-06
6565,외교,0.01,4,0.038543938925915,3.483422342232671e-06
6566,건축 현장,0.01,4,0.038543938925915,3.483422342232671e-06
6567,방화관리,0.01,4,0.038543938925915,3.483422342232671e-06
6568,생산 설비 관리,0.01,4,0.038543938925915,3.483422342232671e-06
6569,수산물 가공,0.01,4,0.038543938925915,3.483422342232671e-06
6570,문서 작성능력,0.01,4,0.038543938925915,3.483422342232671e-06
6571,선적 관리,0.01,4,0.038543938925915,3.483422342232671e-06
6572,현장사무실 개설하기,0.01,4,0.038543938925915,3.483422342232671e-06
6573,훈련생 상담,0.01,4,0.038543938925915,3.483422342232671e-06
6574,원만한 커뮤니케이션 능력,0.01,4,0.038543938925915,3.483422342232671e-06
6575,업무지시,0.01,4,0.038543938925915,3.483422342232671e-06
6576,생산 공정관리,0.01,4,0.038543938925915,3.483422342232671e-06
6577,유해물질 관리하기,0.01,4,0.038543938925915,3.483422342232671e-06
6578,위생교육,0.01,4,0.038543938925915,3.483422342232671e-06
6579,고객센터 상담,0.01,4,0.038543938925915,3.483422342232671e-06
6580,NODEJS,0.01,4,0.038543938925915,3.483422342232671e-06
6581,시설 운영,0.01,4,0.038543938925915,3.483422342232671e-06
6582,SQ심사,0.01,4,0.038543938925915,3.483422342232671e-06
6583,거래처 관리 업무,0.01,4,0.038543938925915,3.483422342232671e-06
6584,원가분석,0.01,4,0.038543938925915,3.483422342232671e-06
6585,문서 유지관리하기,0.01,4,0.038543938925915,3.483422342232671e-06
6586,일반기계,0.01,4,0.038543938925915,3.483422342232671e-06
6587,건설 현장 관리,0.01,4,0.038543938925915,3.483422342232671e-06
6588,인증평가,0.01,4,0.038543938925915,3.483422342232671e-06
6589,사양관리,0.01,4,0.038543938925915,3.483422342232671e-06
6590,영업 경험자,0.01,4,0.038543938925915,3.483422342232671e-06
6591,PHOTOSHOP,0.01,4,0.038543938925915,3.483422342232671e-06
6592,교육프로그램,0.01,4,0.038543938925915,3.483422342232671e-06
6593,무역 업무,0.01,4,0.038543938925915,3.483422342232671e-06
6594,광고 기획,0.01,4,0.038543938925915,3.483422342232671e-06
6595,펌웨어 개발,0.01,4,0.038543938925915,3.483422342232671e-06
6596,FTA,0.01,4,0.038543938925915,3.483422342232671e-06
6597,VUE.JS,0.01,4,0.038543938925915,3.483422342232671e-06
6598,1톤트럭 운전,0.01,4,0.038543938925915,3.483422342232671e-06
6599,건축설비,0.01,4,0.038543938925915,3.483422342232671e-06
6600,보안관리,0.01,4,0.038543938925915,3.483422342232671e-06
6601,레미콘 생산,0.01,4,0.038543938925915,3.483422342232671e-06
6602,자료관리,0.01,4,0.038543938925915,3.483422342232671e-06
6603,박스포장,0.01,4,0.038543938925915,3.483422342232671e-06
6604,전기안전,0.01,4,0.038543938925915,3.483422342232671e-06
6605,공학계열 전공자,0.01,4,0.038543938925915,3.483422342232671e-06
6606,ERP관리,0.01,4,0.038543938925915,3.483422342232671e-06
6607,3차원 측정기 사용,0.01,4,0.038543938925915,3.483422342232671e-06
6608,건설기술,0.01,4,0.038543938925915,3.483422342232671e-06
6609,매입처 관리,0.01,4,0.038543938925915,3.483422342232671e-06
6610,각종 사무업무,0.01,4,0.038543938925915,3.483422342232671e-06
6611,세금계산서관리,0.01,4,0.038543938925915,3.483422342232671e-06
6612,급여대장 작성,0.01,4,0.038543938925915,3.483422342232671e-06
6613,거래처 마감,0.01,4,0.038543938925915,3.483422342232671e-06
6614,원부자재 구매,0.01,4,0.038543938925915,3.483422342232671e-06
6615,생산계획 관리,0.01,4,0.038543938925915,3.483422342232671e-06
6616,소프트웨어 개발,0.01,4,0.038543938925915,3.483422342232671e-06
6617,출납업무,0.01,4,0.038543938925915,3.483422342232671e-06
6618,문서 작성 능력,0.01,4,0.038543938925915,3.483422342232671e-06
6619,전산 등록,0.01,4,0.038543938925915,3.483422342232671e-06
6620,C#,0.01,4,0.038543938925915,3.483422342232671e-06
6621,간단한 문서작성,0.01,4,0.038543938925915,3.483422342232671e-06
6622,오피스 활용,0.01,4,0.038543938925915,3.483422342232671e-06
6623,위생관리,0.01,4,0.038543938925915,3.483422342232671e-06
6624,인디자인,0.01,4,0.038543938925915,3.483422342232671e-06
6625,입퇴사관리,0.01,4,0.038543938925915,3.483422342232671e-06
6626,창고 입출고 관리,0.01,4,0.038543938925915,3.483422342232671e-06
6627,HACCP 관리,0.01,4,0.038543938925915,3.483422342232671e-06
6628,공장 관리,0.01,4,0.038543938925915,3.483422342232671e-06
6629,영어능통자,0.01,4,0.038543938925915,3.483422342232671e-06
6630,입고검사,0.01,4,0.038543938925915,3.483422342232671e-06
6631,장부기장,0.01,4,0.038543938925915,3.483422342232671e-06
6632,인력 관리,0.01,4,0.038543938925915,3.483422342232671e-06
6633,기계설비,0.01,4,0.038543938925915,3.483422342232671e-06
6634,오토캐드,0.01,4,0.038543938925915,3.483422342232671e-06
6635,인스타그램,0.01,4,0.038543938925915,3.483422342232671e-06
6636,전화업무,0.01,4,0.038543938925915,3.483422342232671e-06
6637,인력관리,0.01,4,0.038543938925915,3.483422342232671e-06
6638,4대보험 관련 업무,0.01,4,0.038543938925915,3.483422342232671e-06
6639,기장업무,0.01,4,0.038543938925915,3.483422342232671e-06
6640,상하차,0.01,4,0.038543938925915,3.483422342232671e-06
6641,출하검사,0.01,4,0.038543938925915,3.483422342232671e-06
6642,일본어 가능자,0.01,4,0.038543938925915,3.483422342232671e-06
6643,도장,0.01,4,0.038543938925915,3.483422342232671e-06
6644,사무 행정,0.01,4,0.038543938925915,3.483422342232671e-06
6645,MD,0.01,4,0.038543938925915,3.483422342232671e-06
6646,생산부,0.01,4,0.038543938925915,3.483422342232671e-06
6647,한글 사용,0.01,4,0.038543938925915,3.483422342232671e-06
6648,섬유,0.01,4,0.038543938925915,3.483422342232671e-06
6649,SI,0.01,4,0.038543938925915,3.483422342232671e-06
6650,IP,0.01,4,0.038543938925915,3.483422342232671e-06
6651,2D,0.01,4,0.038543938925915,3.483422342232671e-06
6652,사무 관리,0.01,4,0.038543938925915,3.483422342232671e-06
6653,실적신고,0.01,4,0.038543938925915,3.483422342232671e-06
6654,실적관리,0.01,4,0.038543938925915,3.483422342232671e-06
6655,골프장,0.01,4,0.038543938925915,3.483422342232671e-06
6656,인테리어,0.01,4,0.038543938925915,3.483422342232671e-06
6657,일반업무,0.01,4,0.038543938925915,3.483422342232671e-06
6658,긍정적인 마인드,0.01,4,0.038543938925915,3.483422342232671e-06
6659,생산계획,0.01,4,0.038543938925915,3.483422342232671e-06
6660,PL,0.01,4,0.038543938925915,3.483422342232671e-06
6661,현장 업무,0.01,4,0.038543938925915,3.483422342232671e-06
6662,현장직,0.01,4,0.038543938925915,3.483422342232671e-06
6663,구매 관리,0.01,4,0.038543938925915,3.483422342232671e-06
6664,화학,0.01,4,0.038543938925915,3.483422342232671e-06
6665,전자부품,0.01,4,0.038543938925915,3.483422342232671e-06
6666,경리사무원,0.01,4,0.038543938925915,3.483422342232671e-06
6667,4대보험신고,0.01,4,0.038543938925915,3.483422342232671e-06
6668,1종보통,0.01,4,0.038543938925915,3.483422342232671e-06
6669,세무업무,0.01,4,0.038543938925915,3.483422342232671e-06
6670,입고 관리,0.01,4,0.038543938925915,3.483422342232671e-06
6671,구매관리,0.01,4,0.038543938925915,3.483422342232671e-06
6672,지게차 운전,0.01,4,0.038543938925915,3.483422342232671e-06
6673,정비,0.01,4,0.038543938925915,3.483422342232671e-06
6674,확정,0.01,4,0.038543938925915,3.483422342232671e-06
6675,CAPA,0.01,5,0.0367207233579755,3.3186485795854717e-06
6676,해외공급자 발굴하기,0.01,5,0.0367207233579755,3.3186485795854717e-06
6677,QC업무,0.01,5,0.0367207233579755,3.3186485795854717e-06
6678,ISIR,0.01,5,0.0367207233579755,3.3186485795854717e-06
6679,신규영업,0.01,5,0.0367207233579755,3.3186485795854717e-06
6680,수출입사전준비,0.01,5,0.0367207233579755,3.3186485795854717e-06
6681,관세환급 받기,0.01,5,0.0367207233579755,3.3186485795854717e-06
6682,현장공무,0.01,5,0.0367207233579755,3.3186485795854717e-06
6683,자금업무,0.01,5,0.0367207233579755,3.3186485795854717e-06
6684,회계 작성,0.01,5,0.0367207233579755,3.3186485795854717e-06
6685,현장대리인,0.01,5,0.0367207233579755,3.3186485795854717e-06
6686,광고 관리,0.01,5,0.0367207233579755,3.3186485795854717e-06
6687,세목별 수정신고·경정 청구하기,0.01,5,0.0367207233579755,3.3186485795854717e-06
6688,클레임 대응,0.01,5,0.0367207233579755,3.3186485795854717e-06
6689,재고수량 확인하기,0.01,5,0.0367207233579755,3.3186485795854717e-06
6690,제품 기획,0.01,5,0.0367207233579755,3.3186485795854717e-06
6691,품질관리 사무원,0.01,5,0.0367207233579755,3.3186485795854717e-06
6692,관련자격증 우대,0.01,5,0.0367207233579755,3.3186485795854717e-06
6693,엑셀능숙,0.01,5,0.0367207233579755,3.3186485795854717e-06
6694,퇴직소득,0.01,5,0.0367207233579755,3.3186485795854717e-06
6695,관리경력,0.01,5,0.0367207233579755,3.3186485795854717e-06
6696,영선,0.01,5,0.0367207233579755,3.3186485795854717e-06
6697,배송업무,0.01,5,0.0367207233579755,3.3186485795854717e-06
6698,공무보조,0.01,5,0.0367207233579755,3.3186485795854717e-06
6699,지도사,0.01,5,0.0367207233579755,3.3186485795854717e-06
6700,재고수불,0.01,5,0.0367207233579755,3.3186485795854717e-06
6701,원활한 커뮤니케이션 능력,0.01,5,0.0367207233579755,3.3186485795854717e-06
6702,PYTHON,0.01,5,0.0367207233579755,3.3186485795854717e-06
6703,전기산업기사,0.01,5,0.0367207233579755,3.3186485795854717e-06
6704,측량,0.01,5,0.0367207233579755,3.3186485795854717e-06
6705,VB,0.01,5,0.0367207233579755,3.3186485795854717e-06
6706,민원접수,0.01,5,0.0367207233579755,3.3186485795854717e-06
6707,일학습병행,0.01,5,0.0367207233579755,3.3186485795854717e-06
6708,개정,0.01,5,0.0367207233579755,3.3186485795854717e-06
6709,입출금관리,0.01,5,0.0367207233579755,3.3186485795854717e-06
6710,회계 관련 자격증,0.01,5,0.0367207233579755,3.3186485795854717e-06
6711,세무조정하기,0.01,5,0.0367207233579755,3.3186485795854717e-06
6712,고객문의,0.01,5,0.0367207233579755,3.3186485795854717e-06
6713,상품 입,0.01,5,0.0367207233579755,3.3186485795854717e-06
6714,스캔,0.01,5,0.0367207233579755,3.3186485795854717e-06
6715,납기관리,0.01,5,0.0367207233579755,3.3186485795854717e-06
6716,태양광 발전,0.01,5,0.0367207233579755,3.3186485795854717e-06
6717,자재업무,0.01,5,0.0367207233579755,3.3186485795854717e-06
6718,작업지시,0.01,5,0.0367207233579755,3.3186485795854717e-06
6719,수납업무,0.01,5,0.0367207233579755,3.3186485795854717e-06
6720,시스템 운영,0.01,5,0.0367207233579755,3.3186485795854717e-06
6721,제품 판매,0.01,5,0.0367207233579755,3.3186485795854717e-06
6722,생산 업무,0.01,5,0.0367207233579755,3.3186485795854717e-06
6723,정리정돈,0.01,5,0.0367207233579755,3.3186485795854717e-06
6724,ERP 사용가능자,0.01,5,0.0367207233579755,3.3186485795854717e-06
6725,판금,0.01,5,0.0367207233579755,3.3186485795854717e-06
6726,각종 신고,0.01,5,0.0367207233579755,3.3186485795854717e-06
6727,자재 관리 업무,0.01,5,0.0367207233579755,3.3186485795854717e-06
6728,채권,0.01,5,0.0367207233579755,3.3186485795854717e-06
6729,매니저,0.01,5,0.0367207233579755,3.3186485795854717e-06
6730,조명,0.01,5,0.0367207233579755,3.3186485795854717e-06
6731,면담,0.01,5,0.0367207233579755,3.3186485795854717e-06
6732,상담 업무,0.01,5,0.0367207233579755,3.3186485795854717e-06
6733,수율,0.01,5,0.0367207233579755,3.3186485795854717e-06
6734,부자재 입출고,0.01,5,0.0367207233579755,3.3186485795854717e-06
6735,기구,0.01,5,0.0367207233579755,3.3186485795854717e-06
6736,납품업무,0.01,5,0.0367207233579755,3.3186485795854717e-06
6737,내장,0.01,5,0.0367207233579755,3.3186485795854717e-06
6738,발주업무,0.01,5,0.0367207233579755,3.3186485795854717e-06
6739,품질검사,0.01,5,0.0367207233579755,3.3186485795854717e-06
6740,세금계산서 관리,0.01,5,0.0367207233579755,3.3186485795854717e-06
6741,원부재료,0.01,5,0.0367207233579755,3.3186485795854717e-06
6742,영어가능자,0.01,5,0.0367207233579755,3.3186485795854717e-06
6743,공무업무,0.01,5,0.0367207233579755,3.3186485795854717e-06
6744,디자인,0.01,5,0.0367207233579755,3.3186485795854717e-06
6745,수출입,0.01,5,0.0367207233579755,3.3186485795854717e-06
6746,출하관리,0.01,5,0.0367207233579755,3.3186485795854717e-06
6747,건설업,0.01,5,0.0367207233579755,3.3186485795854717e-06
6748,성적서,0.01,5,0.0367207233579755,3.3186485795854717e-06
6749,인솔,0.01,6,0.0351792165597029,3.1793343483096433e-06
6750,수출자의 FTA 사후관리하기,0.01,6,0.0351792165597029,3.1793343483096433e-06
6751,연구지원,0.01,6,0.0351792165597029,3.1793343483096433e-06
6752,산업안전기사,0.01,6,0.0351792165597029,3.1793343483096433e-06
6753,퇴사 서류관리,0.01,6,0.0351792165597029,3.1793343483096433e-06
6754,회계정보 활용하기,0.01,6,0.0351792165597029,3.1793343483096433e-06
6755,신고서 작성,0.01,6,0.0351792165597029,3.1793343483096433e-06
6756,취업알선,0.01,6,0.0351792165597029,3.1793343483096433e-06
6757,코칭,0.01,6,0.0351792165597029,3.1793343483096433e-06
6758,현금흐름표 작성,0.01,6,0.0351792165597029,3.1793343483096433e-06
6759,생산일정 관리,0.01,6,0.0351792165597029,3.1793343483096433e-06
6760,예약업무,0.01,6,0.0351792165597029,3.1793343483096433e-06
6761,인증서 관리,0.01,6,0.0351792165597029,3.1793343483096433e-06
6762,고객 응대하기,0.01,6,0.0351792165597029,3.1793343483096433e-06
6763,레벨,0.01,6,0.0351792165597029,3.1793343483096433e-06
6764,생산 제조,0.01,6,0.0351792165597029,3.1793343483096433e-06
6765,협력업체관리,0.01,6,0.0351792165597029,3.1793343483096433e-06
6766,프로그래밍 언어,0.01,6,0.0351792165597029,3.1793343483096433e-06
6767,고도화,0.01,6,0.0351792165597029,3.1793343483096433e-06
6768,제품 생산관리,0.01,6,0.0351792165597029,3.1793343483096433e-06
6769,금융소득 원천징수하기,0.01,6,0.0351792165597029,3.1793343483096433e-06
6770,엑셀업무,0.01,6,0.0351792165597029,3.1793343483096433e-06
6771,품질 검수,0.01,6,0.0351792165597029,3.1793343483096433e-06
6772,브랜딩,0.01,6,0.0351792165597029,3.1793343483096433e-06
6773,대관 업무,0.01,6,0.0351792165597029,3.1793343483096433e-06
6774,검품,0.01,6,0.0351792165597029,3.1793343483096433e-06
6775,데이터 처리,0.01,6,0.0351792165597029,3.1793343483096433e-06
6776,사무환경,0.01,6,0.0351792165597029,3.1793343483096433e-06
6777,수출입업무,0.01,6,0.0351792165597029,3.1793343483096433e-06
6778,포장작업,0.01,6,0.0351792165597029,3.1793343483096433e-06
6779,EMP,0.01,6,0.0351792165597029,3.1793343483096433e-06
6780,전산회계1급,0.01,6,0.0351792165597029,3.1793343483096433e-06
6781,해외 수,0.01,6,0.0351792165597029,3.1793343483096433e-06
6782,생산기술,0.01,6,0.0351792165597029,3.1793343483096433e-06
6783,통역,0.01,6,0.0351792165597029,3.1793343483096433e-06
6784,상차,0.01,6,0.0351792165597029,3.1793343483096433e-06
6785,임가공,0.01,6,0.0351792165597029,3.1793343483096433e-06
6786,배차업무,0.01,6,0.0351792165597029,3.1793343483096433e-06
6787,교육원,0.01,6,0.0351792165597029,3.1793343483096433e-06
6788,도면 해독,0.01,6,0.0351792165597029,3.1793343483096433e-06
6789,노무 관리,0.01,6,0.0351792165597029,3.1793343483096433e-06
6790,미디어,0.01,6,0.0351792165597029,3.1793343483096433e-06
6791,물품 입,0.01,6,0.0351792165597029,3.1793343483096433e-06
6792,철골,0.01,6,0.0351792165597029,3.1793343483096433e-06
6793,부가가치세 신고,0.01,6,0.0351792165597029,3.1793343483096433e-06
6794,협력업체 관리,0.01,6,0.0351792165597029,3.1793343483096433e-06
6795,출하업무,0.01,6,0.0351792165597029,3.1793343483096433e-06
6796,유지관리,0.01,6,0.0351792165597029,3.1793343483096433e-06
6797,부가세신고,0.01,6,0.0351792165597029,3.1793343483096433e-06
6798,제품 생산,0.01,6,0.0351792165597029,3.1793343483096433e-06
6799,배관,0.01,6,0.0351792165597029,3.1793343483096433e-06
6800,공정 관리,0.01,6,0.0351792165597029,3.1793343483096433e-06
6801,육가공,0.01,6,0.0351792165597029,3.1793343483096433e-06
6802,인원관리,0.01,6,0.0351792165597029,3.1793343483096433e-06
6803,자동화,0.01,6,0.0351792165597029,3.1793343483096433e-06
6804,현장 관리,0.01,6,0.0351792165597029,3.1793343483096433e-06
6805,사회복지학,0.01,7,0.0338439026334577,3.0586548719977514e-06
6806,제조업 생산,0.01,7,0.0338439026334577,3.0586548719977514e-06
6807,프롭테크,0.01,7,0.0338439026334577,3.0586548719977514e-06
6808,컴퓨터 공학,0.01,7,0.0338439026334577,3.0586548719977514e-06
6809,DB 관리,0.01,7,0.0338439026334577,3.0586548719977514e-06
6810,예약 접수,0.01,7,0.0338439026334577,3.0586548719977514e-06
6811,영상 제작,0.01,7,0.0338439026334577,3.0586548719977514e-06
6812,어플리케이션 개발,0.01,7,0.0338439026334577,3.0586548719977514e-06
6813,유선통보,0.01,7,0.0338439026334577,3.0586548719977514e-06
6814,경영진의 업무 지시받기,0.01,7,0.0338439026334577,3.0586548719977514e-06
6815,세무기장,0.01,7,0.0338439026334577,3.0586548719977514e-06
6816,전산회계 자격증,0.01,7,0.0338439026334577,3.0586548719977514e-06
6817,서비스 관리,0.01,7,0.0338439026334577,3.0586548719977514e-06
6818,건축기사,0.01,7,0.0338439026334577,3.0586548719977514e-06
6819,기타행정,0.01,7,0.0338439026334577,3.0586548719977514e-06
6820,리눅스,0.01,7,0.0338439026334577,3.0586548719977514e-06
6821,시공관리,0.01,7,0.0338439026334577,3.0586548719977514e-06
6822,건설기술인,0.01,7,0.0338439026334577,3.0586548719977514e-06
6823,생산현장,0.01,7,0.0338439026334577,3.0586548719977514e-06
6824,납부,0.01,7,0.0338439026334577,3.0586548719977514e-06
6825,재고조사,0.01,7,0.0338439026334577,3.0586548719977514e-06
6826,손익계정 마감하기,0.01,7,0.0338439026334577,3.0586548719977514e-06
6827,생산업무,0.01,7,0.0338439026334577,3.0586548719977514e-06
6828,제품 검사,0.01,7,0.0338439026334577,3.0586548719977514e-06
6829,미화,0.01,7,0.0338439026334577,3.0586548719977514e-06
6830,수행업무,0.01,7,0.0338439026334577,3.0586548719977514e-06
6831,프로그램 개발,0.01,7,0.0338439026334577,3.0586548719977514e-06
6832,MR,0.01,7,0.0338439026334577,3.0586548719977514e-06
6833,회화,0.01,7,0.0338439026334577,3.0586548719977514e-06
6834,프로모션,0.01,7,0.0338439026334577,3.0586548719977514e-06
6835,납품 관리,0.01,7,0.0338439026334577,3.0586548719977514e-06
6836,제어,0.01,7,0.0338439026334577,3.0586548719977514e-06
6837,발주 관리,0.01,7,0.0338439026334577,3.0586548719977514e-06
6838,제품 포장,0.01,7,0.0338439026334577,3.0586548719977514e-06
6839,고객사 대응,0.01,7,0.0338439026334577,3.0586548719977514e-06
6840,불량,0.01,7,0.0338439026334577,3.0586548719977514e-06
6841,대관,0.01,7,0.0338439026334577,3.0586548719977514e-06
6842,회계사무실,0.01,7,0.0338439026334577,3.0586548719977514e-06
6843,일반관리,0.01,7,0.0338439026334577,3.0586548719977514e-06
6844,생산지원,0.01,7,0.0338439026334577,3.0586548719977514e-06
6845,자재구매,0.01,7,0.0338439026334577,3.0586548719977514e-06
6846,절단,0.01,7,0.0338439026334577,3.0586548719977514e-06
6847,외주관리,0.01,7,0.0338439026334577,3.0586548719977514e-06
6848,경비,0.01,7,0.0338439026334577,3.0586548719977514e-06
6849,라벨 출력,0.01,8,0.0326660722768939,2.9522080299326393e-06
6850,세금 신고,0.01,8,0.0326660722768939,2.9522080299326393e-06
6851,영어 능통,0.01,8,0.0326660722768939,2.9522080299326393e-06
6852,회계 사무원,0.01,8,0.0326660722768939,2.9522080299326393e-06
6853,법인세 신고,0.01,8,0.0326660722768939,2.9522080299326393e-06
6854,VR,0.01,8,0.0326660722768939,2.9522080299326393e-06
6855,현장 인원관리,0.01,8,0.0326660722768939,2.9522080299326393e-06
6856,근로소득 원천징수하기,0.01,8,0.0326660722768939,2.9522080299326393e-06
6857,외국어 가능자,0.01,8,0.0326660722768939,2.9522080299326393e-06
6858,B2C,0.01,8,0.0326660722768939,2.9522080299326393e-06
6859,PPT 작성,0.01,8,0.0326660722768939,2.9522080299326393e-06
6860,영어회화,0.01,8,0.0326660722768939,2.9522080299326393e-06
6861,C++,0.01,8,0.0326660722768939,2.9522080299326393e-06
6862,운영 전반,0.01,8,0.0326660722768939,2.9522080299326393e-06
6863,원천세 신고,0.01,8,0.0326660722768939,2.9522080299326393e-06
6864,민원 응대,0.01,8,0.0326660722768939,2.9522080299326393e-06
6865,근로자 관리,0.01,8,0.0326660722768939,2.9522080299326393e-06
6866,더존 스마트A,0.01,8,0.0326660722768939,2.9522080299326393e-06
6867,총괄업무,0.01,8,0.0326660722768939,2.9522080299326393e-06
6868,재고파악,0.01,8,0.0326660722768939,2.9522080299326393e-06
6869,재활용,0.01,8,0.0326660722768939,2.9522080299326393e-06
6870,제품출고,0.01,8,0.0326660722768939,2.9522080299326393e-06
6871,웹디자인,0.01,8,0.0326660722768939,2.9522080299326393e-06
6872,직원관리,0.01,8,0.0326660722768939,2.9522080299326393e-06
6873,문서 작업,0.01,8,0.0326660722768939,2.9522080299326393e-06
6874,일정관리,0.01,8,0.0326660722768939,2.9522080299326393e-06
6875,창업,0.01,8,0.0326660722768939,2.9522080299326393e-06
6876,결산 업무,0.01,8,0.0326660722768939,2.9522080299326393e-06
6877,플랜트,0.01,8,0.0326660722768939,2.9522080299326393e-06
6878,공장관리,0.01,8,0.0326660722768939,2.9522080299326393e-06
6879,테스트,0.01,8,0.0326660722768939,2.9522080299326393e-06
6880,출하 관리,0.01,8,0.0326660722768939,2.9522080299326393e-06
6881,대기,0.01,8,0.0326660722768939,2.9522080299326393e-06
6882,회계능력,0.01,8,0.0326660722768939,2.9522080299326393e-06
6883,상실,0.01,8,0.0326660722768939,2.9522080299326393e-06
6884,기획,0.01,8,0.0326660722768939,2.9522080299326393e-06
6885,에어,0.01,8,0.0326660722768939,2.9522080299326393e-06
6886,Q,0.01,8,0.0326660722768939,2.9522080299326393e-06
6887,노,0.01,8,0.0326660722768939,2.9522080299326393e-06
6888,건물관리,0.01,9,0.0316124671203156,2.856988084992119e-06
6889,생물학,0.01,9,0.0316124671203156,2.856988084992119e-06
6890,기타소득 원천징수하기,0.01,9,0.0316124671203156,2.856988084992119e-06
6891,경리 회계,0.01,9,0.0316124671203156,2.856988084992119e-06
6892,자동화설비,0.01,9,0.0316124671203156,2.856988084992119e-06
6893,아래한글,0.01,9,0.0316124671203156,2.856988084992119e-06
6894,배송 관리,0.01,9,0.0316124671203156,2.856988084992119e-06
6895,작업지시서 작성,0.01,9,0.0316124671203156,2.856988084992119e-06
6896,입출하,0.01,9,0.0316124671203156,2.856988084992119e-06
6897,공정검사,0.01,9,0.0316124671203156,2.856988084992119e-06
6898,세무 회계,0.01,9,0.0316124671203156,2.856988084992119e-06
6899,기계공학,0.01,9,0.0316124671203156,2.856988084992119e-06
6900,회계 능숙,0.01,9,0.0316124671203156,2.856988084992119e-06
6901,CAD 사용,0.01,9,0.0316124671203156,2.856988084992119e-06
6902,야간근무,0.01,9,0.0316124671203156,2.856988084992119e-06
6903,구매 업무,0.01,9,0.0316124671203156,2.856988084992119e-06
6904,회계사무소,0.01,9,0.0316124671203156,2.856988084992119e-06
6905,1종보통운전면허,0.01,9,0.0316124671203156,2.856988084992119e-06
6906,요양병원,0.01,9,0.0316124671203156,2.856988084992119e-06
6907,실적 관리,0.01,9,0.0316124671203156,2.856988084992119e-06
6908,컴퓨터활용능력 우수자,0.01,9,0.0316124671203156,2.856988084992119e-06
6909,ACC,0.01,9,0.0316124671203156,2.856988084992119e-06
6910,프로젝트,0.01,9,0.0316124671203156,2.856988084992119e-06
6911,아파트,0.01,9,0.0316124671203156,2.856988084992119e-06
6912,SNS 관리,0.01,10,0.0306593653222723,2.7708511672238645e-06
6913,ERP전산,0.01,10,0.0306593653222723,2.7708511672238645e-06
6914,수학,0.01,10,0.0306593653222723,2.7708511672238645e-06
6915,화학공학,0.01,10,0.0306593653222723,2.7708511672238645e-06
6916,차량관리,0.01,10,0.0306593653222723,2.7708511672238645e-06
6917,인사업무,0.01,10,0.0306593653222723,2.7708511672238645e-06
6918,런칭,0.01,10,0.0306593653222723,2.7708511672238645e-06
6919,검사 업무,0.01,10,0.0306593653222723,2.7708511672238645e-06
6920,제품관리,0.01,10,0.0306593653222723,2.7708511672238645e-06
6921,세금계산서 발급,0.01,10,0.0306593653222723,2.7708511672238645e-06
6922,자동차운전,0.01,10,0.0306593653222723,2.7708511672238645e-06
6923,CAD 가능자,0.01,10,0.0306593653222723,2.7708511672238645e-06
6924,경리업무,0.01,10,0.0306593653222723,2.7708511672238645e-06
6925,B,0.01,10,0.0306593653222723,2.7708511672238645e-06
6926,문서작성 가능자,0.01,11,0.0297892515523761,2.692214322344919e-06
6927,견적서작성,0.01,11,0.0297892515523761,2.692214322344919e-06
6928,원가관리,0.01,11,0.0297892515523761,2.692214322344919e-06
6929,회계 관리,0.01,11,0.0297892515523761,2.692214322344919e-06
6930,창고 관리,0.01,11,0.0297892515523761,2.692214322344919e-06
6931,사업 지원,0.01,11,0.0297892515523761,2.692214322344919e-06
6932,수불관리,0.01,11,0.0297892515523761,2.692214322344919e-06
6933,일반행정,0.01,11,0.0297892515523761,2.692214322344919e-06
6934,제관,0.01,11,0.0297892515523761,2.692214322344919e-06
6935,영어 가능,0.01,11,0.0297892515523761,2.692214322344919e-06
6936,총무 업무,0.01,11,0.0297892515523761,2.692214322344919e-06
6937,MS OFFICE,0.01,11,0.0297892515523761,2.692214322344919e-06
6938,일반사무업무,0.01,11,0.0297892515523761,2.692214322344919e-06
6939,AI,0.01,11,0.0297892515523761,2.692214322344919e-06
6940,자재 관리,0.01,11,0.0297892515523761,2.692214322344919e-06
6941,자재 구매,0.01,11,0.0297892515523761,2.692214322344919e-06
6942,배송,0.01,11,0.0297892515523761,2.692214322344919e-06
6943,W,0.01,11,0.0297892515523761,2.692214322344919e-06
6944,자동차부품,0.01,11,0.0297892515523761,2.692214322344919e-06
6945,H,0.01,11,0.0297892515523761,2.692214322344919e-06
6946,A,0.01,11,0.0297892515523761,2.692214322344919e-06
6947,소모품 구매,0.01,12,0.0289888244756407,2.6198754374222517e-06
6948,기술 지원,0.01,12,0.0289888244756407,2.6198754374222517e-06
6949,방수,0.01,12,0.0289888244756407,2.6198754374222517e-06
6950,알고리즘,0.01,12,0.0289888244756407,2.6198754374222517e-06
6951,기술영업,0.01,12,0.0289888244756407,2.6198754374222517e-06
6952,윈도우,0.01,12,0.0289888244756407,2.6198754374222517e-06
6953,전표작성,0.01,12,0.0289888244756407,2.6198754374222517e-06
6954,프로젝트 관리,0.01,12,0.0289888244756407,2.6198754374222517e-06
6955,고객사 관리,0.01,12,0.0289888244756407,2.6198754374222517e-06
6956,용접,0.01,12,0.0289888244756407,2.6198754374222517e-06
6957,구청,0.01,12,0.0289888244756407,2.6198754374222517e-06
6958,전표정리,0.01,12,0.0289888244756407,2.6198754374222517e-06
6959,공무,0.01,12,0.0289888244756407,2.6198754374222517e-06
6960,품질관리,0.01,12,0.0289888244756407,2.6198754374222517e-06
6961,환경관리,0.01,13,0.0282477447541035,2.5529000910690905e-06
6962,퇴사 관리,0.01,13,0.0282477447541035,2.5529000910690905e-06
6963,기초적인 회계능력,0.01,13,0.0282477447541035,2.5529000910690905e-06
6964,업무 교육,0.01,13,0.0282477447541035,2.5529000910690905e-06
6965,코딩,0.01,13,0.0282477447541035,2.5529000910690905e-06
6966,홈쇼핑,0.01,13,0.0282477447541035,2.5529000910690905e-06
6967,퇴사자 관리,0.01,13,0.0282477447541035,2.5529000910690905e-06
6968,부과,0.01,13,0.0282477447541035,2.5529000910690905e-06
6969,납품관리,0.01,13,0.0282477447541035,2.5529000910690905e-06
6970,유관업무 경력자,0.01,13,0.0282477447541035,2.5529000910690905e-06
6971,레미콘,0.01,13,0.0282477447541035,2.5529000910690905e-06
6972,업체관리,0.01,13,0.0282477447541035,2.5529000910690905e-06
6973,거래처관리,0.01,13,0.0282477447541035,2.5529000910690905e-06
6974,기장,0.01,13,0.0282477447541035,2.5529000910690905e-06
6975,IOS,0.01,14,0.027557816039234,2.490547535339286e-06
6976,관련 업무 경력자,0.01,14,0.027557816039234,2.490547535339286e-06
6977,지게차,0.01,14,0.027557816039234,2.490547535339286e-06
6978,보,0.01,14,0.027557816039234,2.490547535339286e-06
6979,연말정산,0.01,15,0.0269124308278582,2.43222061475719e-06
6980,MYSQL,0.01,15,0.0269124308278582,2.43222061475719e-06
6981,인건비,0.01,15,0.0269124308278582,2.43222061475719e-06
6982,SQL,0.01,15,0.0269124308278582,2.43222061475719e-06
6983,과학,0.01,15,0.0269124308278582,2.43222061475719e-06
6984,영업 관리,0.01,15,0.0269124308278582,2.43222061475719e-06
6985,품질 관리,0.01,15,0.0269124308278582,2.43222061475719e-06
6986,IA,0.01,15,0.0269124308278582,2.43222061475719e-06
6987,의료기기,0.01,15,0.0269124308278582,2.43222061475719e-06
6988,잔업,0.01,15,0.0269124308278582,2.43222061475719e-06
6989,발생,0.01,15,0.0269124308278582,2.43222061475719e-06
6990,생산 관리,0.01,16,0.0263061846096939,2.377430894762389e-06
6991,총무관리,0.01,16,0.0263061846096939,2.377430894762389e-06
6992,노무관리,0.01,16,0.0263061846096939,2.377430894762389e-06
6993,4대보험 취득,0.01,16,0.0263061846096939,2.377430894762389e-06
6994,하드웨어,0.01,16,0.0263061846096939,2.377430894762389e-06
6995,사출,0.01,16,0.0263061846096939,2.377430894762389e-06
6996,웹,0.01,16,0.0263061846096939,2.377430894762389e-06
6997,사업 진행,0.01,17,0.0257346004712944,2.3257737726920776e-06
6998,정보통신공사,0.01,17,0.0257346004712944,2.3257737726920776e-06
6999,승인,0.01,17,0.0257346004712944,2.3257737726920776e-06
7000,가스,0.01,17,0.0257346004712944,2.3257737726920776e-06
7001,주차장,0.01,18,0.0251939282585916,2.2769103270236585e-06
7002,조선,0.01,18,0.0251939282585916,2.2769103270236585e-06
7003,조립,0.01,18,0.0251939282585916,2.2769103270236585e-06
7004,D,0.01,18,0.0251939282585916,2.2769103270236585e-06
7005,데이터베이스,0.01,19,0.0246809953147161,2.2305538277515573e-06
7006,자재 입출고,0.01,19,0.0246809953147161,2.2305538277515573e-06
7007,월마감,0.01,19,0.0246809953147161,2.2305538277515573e-06
7008,원자재,0.01,19,0.0246809953147161,2.2305538277515573e-06
7009,시험,0.01,20,0.0241930936730218,2.186459541416249e-06
7010,건축,0.01,20,0.0241930936730218,2.186459541416249e-06
7011,F,0.01,20,0.0241930936730218,2.186459541416249e-06
7012,실험,0.01,21,0.0237278935166729,2.1444169099833116e-06
7013,MANAGEMENT,0.01,21,0.0237278935166729,2.1444169099833116e-06
7014,철,0.01,21,0.0237278935166729,2.1444169099833116e-06
7015,작성 가능,0.01,22,0.0232833758909646,2.1042434696952092e-06
7016,선별,0.01,23,0.0228577797467766,2.0657800651043576e-06
7017,자료 작성,0.01,23,0.0228577797467766,2.0657800651043576e-06
7018,경력 3년 이상,0.01,23,0.0228577797467766,2.0657800651043576e-06
7019,샘플,0.01,24,0.022449559801574,2.0288870407459245e-06
7020,산업안전,0.01,24,0.022449559801574,2.0288870407459245e-06
7021,셔틀,0.01,25,0.0220573526700412,1.99344118018169e-06
7022,클라우드,0.01,25,0.0220573526700412,1.99344118018169e-06
7023,자문,0.01,25,0.0220573526700412,1.99344118018169e-06
7024,발주관리,0.01,25,0.0220573526700412,1.99344118018169e-06
7025,부동산,0.01,26,0.0216799493902128,1.959333223039245e-06
7026,발굴,0.01,26,0.0216799493902128,1.959333223039245e-06
7027,관리직,0.01,26,0.0216799493902128,1.959333223039245e-06
7028,R,0.01,27,0.021316272948504,1.9264658338285292e-06
7029,LC,0.01,28,0.0209653597503913,1.8947519273479375e-06
7030,추진,0.01,30,0.0202984460054046,1.834479357798312e-06
7031,검증,0.01,30,0.0202984460054046,1.834479357798312e-06
7032,학생,0.01,30,0.0202984460054046,1.834479357798312e-06
7033,취득,0.01,30,0.0202984460054046,1.834479357798312e-06
7034,자금,0.01,31,0.0199809590222588,1.8057863575166373e-06
7035,착,0.01,31,0.0199809590222588,1.8057863575166373e-06
7036,S,0.01,31,0.0199809590222588,1.8057863575166373e-06
7037,유,0.01,31,0.0199809590222588,1.8057863575166373e-06
7038,외주,0.01,33,0.0193747128040944,1.7509966375218276e-06
7039,원사,0.01,35,0.018803128665695,1.699339515451525e-06
7040,협업,0.01,37,0.0182624564529922,1.6504760697831057e-06
7041,팀원,0.01,39,0.0177495235091167,1.6041195705110045e-06
7042,현장관리,0.01,41,0.0172616218674224,1.5600252841756964e-06
7043,운,0.01,44,0.0165716931525529,1.497672728445892e-06
7044,관,0.01,44,0.0165716931525529,1.497672728445892e-06
7045,보건,0.01,47,0.0159263079411771,1.4393458078637957e-06
7046,해외,0.01,51,0.0151258808644418,1.3670069229411376e-06
7047,식,0.01,58,0.0138629436111989,1.2528685144811141e-06
7048,AR,0.01,59,0.013694872428035,1.237679020858163e-06
7049,입,0.01,73,0.0115976671182144,1.0481433367517767e-06
7050,마케팅,0.01,77,0.0110712297833601,1.000566373288296e-06
7051,국,0.01,78,0.0109438395255858,9.89053432927771e-07
7052,L,0.01,90,0.0095297229850876,8.612521420124766e-07
7053,내,0.01,101,0.0083885899174133,7.581218306284333e-07
7054,월,0.01,149,0.0045319651092935,4.0957797661197766e-07
7055,원,0.01,210,0.0011197367154954,1.0119660836096838e-07
